9.91;15.03
10.20;15.63
10.30;15.80
10.70;15.75
11.20;16.00
11.00;15.83
10.75;15.90
11.08;16.00
11.28;15.57
11.44;15.40
11.37;15.70
11.24;15.28
11.19;15.65
11.49;15.66
11.79;16.13
11.96;16.59
12.19;16.15
12.48;15.63
12.39;15.30
12.06;15.20
11.88;14.91
11.72;15.00
11.69;14.75
11.47;14.70
11.39;14.20
11.25;13.31
11.49;13.60
11.59;13.64
12.24;13.70
12.71;14.60
13.27;15.00
12.63;14.90
12.54;14.81
11.89;15.06
12.09;16.20
12.09;16.66
11.89;16.82
11.59;17.95
11.54;19.98
12.21;19.50
12.38;20.99
13.28;22.20
12.98;22.00
12.55;21.40
12.68;20.35
12.28;18.80
12.24;19.80
12.28;20.98
12.28;20.50
12.33;21.60
13.18;20.76
12.78;19.96
13.08;19.55
13.13;19.38
13.57;20.42
14.02;20.91
13.86;20.40
13.77;20.41
13.62;18.48
13.47;14.90
13.57;13.77
13.32;14.91
13.32;15.73
13.11;16.00
13.12;16.69
13.17;17.15
13.12;16.41
13.22;16.70
13.18;16.75
13.07;16.62
13.22;16.37
13.21;15.50
13.22;16.11
13.05;16.66
13.02;17.00
12.92;17.50
12.83;17.00
13.42;17.12
13.32;17.00
13.12;16.02
13.27;16.15
14.16;16.76
14.91;16.85
15.46;16.50
15.41;16.30
15.26;16.07
15.90;16.05
16.41;15.69
15.66;15.97
14.91;15.77
15.21;15.90
15.01;14.99
15.06;14.60
14.96;14.40
14.51;14.30
14.40;13.70
13.80;13.00
14.32;14.18
14.61;14.10
14.91;13.70
14.71;13.15
14.66;13.30
15.11;13.79
15.51;13.71
15.06;13.66
14.91;13.80
14.62;13.02
13.72;13.89
14.41;13.36
13.70;12.26
13.82;13.55
13.32;13.30
13.52;13.48
12.82;13.85
13.42;13.21
14.02;13.39
13.92;13.08
14.02;13.17
14.08;13.00
13.91;13.15
13.92;13.20
14.39;14.30
14.60;14.50
15.16;14.59
15.16;14.67
14.51;14.31
14.82;14.63
14.51;15.00
14.56;15.35
14.31;15.40
14.16;15.50
13.90;14.85
13.85;14.40
13.72;14.28
13.52;14.31
13.87;15.40
13.82;15.30
13.82;15.39
14.41;15.50
14.41;15.20
14.61;14.85
14.91;14.62
14.69;15.26
14.69;14.96
14.74;14.80
14.66;15.14
14.72;15.10
14.56;15.02
14.56;15.12
14.71;15.30
14.61;15.20
15.70;15.70
16.13;15.52
15.85;15.39
16.71;16.30
17.70;16.49
17.49;16.66
17.60;16.11
17.33;15.50
16.76;15.00
16.50;14.92
16.45;15.40
17.05;16.09
17.79;15.69
17.79;15.60
18.04;15.88
17.89;15.73
17.31;16.60
17.94;16.54
17.29;17.19
17.30;17.26
17.54;17.54
17.30;17.00
17.64;16.51
17.77;16.70
17.44;16.60
17.64;16.77
17.99;16.98
17.49;16.45
16.76;15.75
16.10;15.10
16.10;15.90
16.10;16.10
16.65;16.59
16.90;16.00
16.90;15.98
16.80;15.80
17.39;16.39
17.20;16.60
17.20;17.35
17.13;16.91
17.05;17.10
17.73;17.52
17.48;17.77
16.70;18.32
16.94;18.37
17.39;18.12
17.25;17.70
17.38;17.30
17.55;17.32
17.35;17.30
17.37;18.50
17.43;18.30
18.24;18.36
18.54;18.35
18.44;18.30
18.19;17.93
18.59;18.40
18.82;18.97
19.28;18.80
19.86;19.10
19.47;18.71
19.48;19.05
19.88;18.20
19.63;18.40
20.18;18.40
20.43;18.62
20.13;18.90
19.88;18.95
19.53;19.43
19.38;20.10
19.77;20.00
19.55;19.66
19.13;19.10
18.84;19.99
18.98;20.23
19.03;20.29
18.84;20.67
19.43;21.93
19.58;22.08
19.63;22.95
19.73;22.30
19.53;22.80
19.68;22.91
19.88;22.60
19.88;23.32
19.98;23.01
20.38;23.02
20.31;22.94
20.66;22.82
20.37;22.43
20.56;21.80
20.48;22.03
20.87;22.35
21.62;22.88
22.04;23.01
22.27;23.80
22.55;23.70
22.01;23.56
21.95;22.16
21.97;22.56
21.70;21.80
21.10;22.65
21.75;22.70
21.95;23.25
21.99;22.74
21.85;22.56
21.99;23.00
21.90;22.90
22.55;24.00
22.77;24.38
23.40;24.70
23.80;24.25
23.10;24.50
22.90;24.34
23.00;24.90
23.00;24.98
23.25;25.15
23.10;25.33
23.00;25.78
23.00;25.30
23.40;24.60
24.00;25.34
24.60;24.96
24.40;24.35
24.87;25.00
25.19;25.15
25.85;25.60
25.90;25.25
26.99;25.25
27.29;25.60
26.34;25.52
26.33;25.27
24.40;23.11
24.35;23.65
25.00;24.10
23.50;22.80
22.60;22.05
24.15;23.29
23.51;22.80
24.05;23.40
25.30;23.80
25.10;23.23
24.24;22.00
24.20;22.43
23.95;22.10
23.36;21.71
23.70;22.05
23.99;23.15
24.94;24.39
25.25;24.25
25.39;24.54
25.00;24.95
24.31;25.00
23.94;24.04
24.30;24.60
24.98;24.50
24.90;24.50
25.25;25.00
25.50;25.39
25.54;25.95
25.78;25.60
25.69;25.20
25.40;24.90
25.20;25.31
25.10;25.25
25.29;25.59
25.24;25.05
24.85;25.06
24.55;25.60
25.76;26.75
25.87;26.20
25.76;27.19
25.80;27.98
25.35;27.80
24.61;28.48
23.72;29.80
24.55;28.60
24.40;29.78
24.70;29.69
25.20;29.04
25.10;29.45
25.35;30.60
24.50;29.50
25.00;29.55
25.00;28.47
25.20;28.47
25.64;29.65
25.41;29.50
25.11;29.10
25.02;29.15
25.02;28.80
24.73;29.00
24.16;28.99
24.85;28.51
24.81;29.20
24.60;29.59
24.80;30.60
24.78;30.79
24.65;30.30
24.50;30.50
24.85;29.78
24.23;29.01
24.00;30.49
24.09;30.20
23.60;29.85
24.25;30.10
24.50;29.80
25.33;30.88
25.62;30.35
25.43;30.45
25.30;30.00
25.19;30.50
24.98;29.98
24.93;29.80
24.71;30.21
25.00;30.80
25.82;30.69
26.40;30.80
26.85;31.30
27.02;30.85
27.00;30.80
27.11;30.30
27.55;30.55
27.05;29.61
26.90;30.49
27.10;30.99
26.90;31.00
26.74;30.84
27.60;30.40
28.00;30.77
28.80;30.21
28.70;30.95
28.56;30.22
27.70;28.98
27.67;29.00
26.69;28.06
25.40;28.56
25.51;29.14
25.60;29.00
26.00;29.26
25.22;29.28
24.40;28.70
24.50;28.90
25.85;28.53
27.05;29.50
25.69;28.00
24.88;28.00
23.99;28.29
23.85;27.69
22.90;26.85
22.99;24.60
22.80;25.09
23.30;24.99
22.80;25.13
22.77;27.10
22.50;26.99
23.60;26.92
23.60;27.25
22.85;26.30
22.81;27.36
22.40;27.00
22.70;27.00
22.80;27.99
23.00;27.71
22.70;27.40
22.39;27.36
21.35;26.20
22.60;27.14
23.00;27.00
23.64;27.37
22.90;27.40
22.82;26.79
24.00;27.66
24.95;27.80
25.00;28.50
25.70;30.00
25.60;30.10
25.50;30.27
25.50;30.25
26.19;30.70
26.10;30.70
26.51;31.66
26.00;32.00
25.15;31.60
26.25;32.59
26.99;32.70
26.52;33.30
27.35;33.30
26.60;32.86
25.66;32.32
25.79;32.49
26.03;31.25
26.85;33.35
27.10;33.20
26.80;32.45
27.30;32.79
27.45;34.99
27.85;35.47
27.21;35.36
27.59;35.82
27.78;31.80
26.80;31.49
27.50;31.95
26.40;31.02
25.80;30.05
25.65;31.20
24.80;30.29
23.38;28.70
23.90;30.17
22.90;28.70
23.46;29.35
24.50;31.00
23.89;31.00
22.20;29.79
22.49;29.26
22.94;28.85
21.90;28.60
21.60;26.44
21.50;26.06
21.70;28.14
22.70;29.30
23.46;29.79
22.93;29.60
23.50;29.25
24.00;28.85
24.09;29.50
23.70;28.90
23.25;29.08
22.80;27.75
22.30;28.58
21.40;27.30
21.20;26.30
20.20;26.06
21.70;27.60
22.30;27.80
21.49;26.75
21.75;26.62
21.68;27.60
22.20;27.23
23.04;28.65
23.29;27.80
22.95;26.81
22.60;25.90
22.50;25.36
22.90;26.08
22.58;27.02
22.20;27.18
21.70;27.49
21.15;27.22
20.30;25.76
19.40;25.30
19.19;23.96
19.85;23.68
19.29;23.07
19.80;23.60
18.50;22.70
18.89;23.55
18.90;24.00
19.49;24.52
19.10;24.01
19.00;23.29
19.45;23.30
19.45;22.85
19.30;22.40
19.50;22.26
19.74;23.00
20.75;23.65
21.50;24.60
20.41;24.46
20.40;24.45
20.95;25.10
20.69;24.34
21.40;24.75
22.10;24.64
22.45;26.15
21.69;25.50
21.06;26.00
20.45;25.75
19.84;25.61
19.00;24.90
19.50;26.41
19.15;25.99
19.00;26.15
18.36;25.00
17.85;24.84
17.00;24.16
17.40;26.06
18.29;25.81
18.70;25.84
18.88;24.67
18.95;24.75
19.85;23.95
19.00;22.87
18.17;22.25
18.45;22.91
18.16;23.20
18.21;22.91
18.24;22.35
18.20;21.80
17.70;22.19
18.25;23.27
18.49;23.00
18.59;23.50
18.90;23.27
19.60;23.59
19.80;23.85
19.90;23.69
19.60;24.07
18.90;23.30
18.60;22.67
18.65;22.00
19.11;22.32
18.55;22.82
18.78;23.15
19.07;23.24
19.60;23.01
20.15;22.72
20.42;23.28
20.37;23.89
20.17;23.24
21.70;25.02
22.76;25.80
23.19;28.19
22.74;26.77
22.59;25.69
23.40;25.00
23.05;25.16
23.50;25.45
24.05;25.80
23.90;26.80
23.90;27.03
23.41;26.65
23.50;25.60
23.08;25.35
23.00;25.40
22.98;25.20
22.33;25.00
22.64;24.43
23.40;25.49
23.70;25.20
24.23;25.16
22.90;23.80
22.50;24.30
23.02;24.01
24.25;25.20
23.38;24.05
22.60;24.55
22.00;24.75
21.01;24.85
22.59;24.80
23.30;24.50
23.00;24.30
23.00;24.50
23.00;23.73
22.47;23.90
21.62;23.89
20.88;23.51
20.39;23.30
21.20;23.45
20.50;22.80
20.46;22.84
20.63;23.00
20.30;21.50
19.23;20.79
18.27;20.62
18.55;21.92
19.44;21.29
20.98;21.24
20.70;22.45
20.60;22.44
21.10;23.30
21.65;23.89
22.00;24.17
20.90;24.77
20.80;24.18
20.45;25.30
20.20;25.48
20.40;25.21
19.90;24.49
19.93;24.81
19.23;24.13
20.10;25.20
20.61;25.55
20.88;25.00
19.85;24.80
19.15;24.63
20.19;24.42
20.50;25.26
20.60;25.50
20.00;25.80
19.00;23.74
18.70;23.50
18.65;23.17
18.48;23.61
18.92;23.46
18.85;23.08
18.76;23.58
19.00;23.00
19.00;23.00
19.10;23.00
18.50;22.37
19.00;22.85
19.20;23.30
19.47;23.85
18.85;22.90
18.75;22.75
18.85;22.62
18.24;21.83
17.81;21.60
17.59;21.78
16.75;22.10
16.57;22.00
16.75;22.48
17.20;23.09
17.40;23.31
16.15;22.51
16.00;23.62
15.25;21.77
15.05;22.15
17.39;23.70
16.90;22.75
15.98;22.20
15.80;22.65
16.62;23.25
15.62;23.82
13.30;22.80
13.00;23.69
11.30;23.48
10.32;22.92
10.61;22.20
9.99;20.94
9.49;20.00
9.85;19.56
10.91;18.00
10.95;18.49
12.63;20.06
13.75;21.50
12.90;19.99
13.15;21.60
12.91;20.73
14.00;21.80
12.35;21.40
9.91;18.95
9.00;19.80
7.77;19.60
6.49;19.21
8.29;21.96
9.55;22.63
10.64;23.00
10.10;22.39
10.00;22.45
10.39;22.37
9.50;20.81
9.05;21.08
9.22;21.50
8.95;20.50
9.50;20.16
9.20;20.00
10.20;20.94
9.98;21.08
10.40;22.20
9.81;22.92
9.40;22.38
8.60;21.70
9.95;23.00
10.17;22.85
11.80;23.70
11.00;23.85
11.50;24.01
10.48;23.21
10.27;23.26
10.59;24.00
9.95;24.10
10.32;24.45
11.25;24.60
10.50;23.40
10.79;24.02
10.00;22.67
9.35;23.13
9.22;22.45
10.15;23.70
9.98;22.50
9.50;23.09
9.60;24.30
9.70;22.96
9.35;22.30
9.50;22.26
9.48;22.01
10.00;21.86
