2032 7211
980 26349
216 27490
589 7794
1 5216
32 5211
1137 49867
200 28196
262 51300
251 1357
690 51683
1299 35034
445 27298
252 27134
21 1907
579 1935
40 9803
132 27938
2385 49506
11 859
391 51663
416 7722
128 8953
220 9126
313 26902
263 9076
109 4062
128 27931
43 1857
39 2504
173 9724
120 3059
265 3421
160 9625
723 9521
386 52228
88 10444
154 2820
16 3010
347 2283
555 872
10 3836
276 6
590 8440
6 1889
103 9726
57 27676
332 9585
43 3746
149 3741
172 7676
36 27509
570 1418
154 699
330 9174
175 27659
60 9190
25 21
81 5228
380 9215
37 9520
49 3832
118 2639
81 28031
222 2839
31 27840
7 864
127 3004
187 21529
4 2809
2638 50453
26 10410
23 827
11 5172
87 4961
5 1307
57 52134
177 28080
37 5188
17 1846
31 2812
114 9340
32 3293
79 5146
325 49503
96 739
7 1712
21 3343
28 3015
1287 25010
91 1787
21 840
127 27916
7 1722
46 52251
104 2855
8 2818
2 28185
41 3820
86 9629
21 1669
1 2652
72 27494
33 868
13 9468
27 292
28 52086
21 8155
95 9326
12 417
2 2656
97 9695
40 3777
81 735
77 3354
48 1089
9 1893
87 9429
21 3042
85 9477
36 27915
25 2946
65 10288
15 2999
5 361
18 1103
251 3561
31 9205
30 9531
1 27940
14 10433
18 1722
4 1639
84 9779
5 70
26 52282
99 9549
41 51956
47 5182
16 1507
32 1242
7 1207
34 811
55 3811
96 2592
14 746
14 1294
6 1108
35 3252
25 1503
477 2812
44 2814
1 27933
12 63
13 1713
26 2646
18 1905
44 8567
65 9830
66 1385
7 9660
7 1719
33 9743
11 1399
59 9998
9 912
7 1080
3 543
32 3771
57 27015
27 2991
14 28179
31 3779
17 1688
12 390
1 74
21 10435
31 49696
1 26421
4 3344
18 3062
5 71
23 708
4 1102
64 2919
13 2751
39 28170
2 3070
2 202
5 2656
8 27901
29 2574
7 9300
32 533
4 3271
10 816
9 3775
10 3747
7 1509
24 10309
5 10003
9 318
15 2764
19 3313
9 845
14 52289
2 3070
28 1378
56 28082
45 3630
15 2988
3 1275
2 3807
17 2635
2 1714
4 871
16 2959
10 3032
56 2994
26 1707
35 327
7 845
3 2838
19 9387
26 397
25 2776
3 847
4 365
8 1111
3 1308
1 1899
8 2633
8 381
9 3046
1 423
4 1889
5 27778
6 357
11 70
18 3062
4 9653
1 3056
7 9441
7 1043
9 870
2 367
8 28196
5 395
8 10422
9 140
3 104
3 10441
12 142
5 3334
24 28121
7 359
14 2627
20 51958
5 1502
3 5206
40 395
3 2741
6 421
10 837
11 418
5 1481
2 3025
3 1103
2 397
2 353
1 1834
1 10453
15 1896
11 1734
1 3025
4 1508
16 28101
8 66
5 414
10 9806
1 1307
8 27940
1 155
1 1725
13 52255
16 1504
10 364
1 109
3 3326
1 417
3 7
1 1722
2 73
2 1181
2 3006
4 845
5 2655
8 762
7 3343
5 96
2 398
5 352
1 10452
1 9530
1 18
2 392
5 27847
4 421
1 1725
8 1471
1 10453
1 420
2 10422
4 27
1 69
5 2834
4 3301
14 9251
4 830
1 367
1 2836
3 2620
5 2920
6 4978
2 404
3 27940
1 10453
1 1907
4 1303
3 846
2 9531
4 334
2 422
1 399
2 2529
1 863
1 5237
3 3299
2 365
1 27940
4 1815
1 155
3 5237
5 366
2 1489
1 3338
3 51460
1 1297
1 1309
1 107
4 3047
1 1093
1 8346
2 1490
1 845
2 10418
3 150
2 27
1 367
6 360
2 107
3 396
4 3837
1 69
1 3022
3 3025
2 9806
2 155
2 1109
1 385
1 396
1 107
1 151
1 14181
1 1510
1 109
1 355
1 28
1 2839
1 1111
2 1111
1 846
1 28
1 74
1 3345
1 2836
1 847
1 3345
1 1307
1 27928
1 7079
1 1103
1 142
1 10453
1 3069
