9.91;15.03;35.38;8.99;20.14;8.38
10.20;15.63;36.50;9.73;20.99;8.62
10.30;15.80;36.68;10.50;21.23;8.68
10.70;15.75;36.60;10.74;21.37;8.54
11.20;16.00;37.95;11.46;21.34;8.61
11.00;15.83;37.94;11.35;21.30;8.36
10.75;15.90;38.00;11.05;21.44;8.51
11.08;16.00;39.30;11.75;22.00;8.75
11.28;15.57;39.62;11.40;22.09;8.67
11.44;15.40;39.57;11.30;22.16;8.50
11.37;15.70;40.36;11.66;22.52;8.62
11.24;15.28;39.76;11.29;22.41;8.56
11.19;15.65;39.37;11.05;22.09;8.59
11.49;15.66;40.60;11.16;22.74;8.60
11.79;16.13;41.11;10.91;22.50;8.45
11.96;16.59;41.53;10.70;22.24;8.35
12.19;16.15;42.31;10.80;22.80;8.39
12.48;15.63;42.27;11.05;23.05;8.27
12.39;15.30;41.79;11.05;23.14;8.15
12.06;15.20;43.04;10.90;23.11;8.06
11.88;14.91;43.66;10.75;23.43;7.98
11.72;15.00;43.43;11.10;23.31;8.15
11.69;14.75;41.53;11.14;22.52;8.11
11.47;14.70;41.05;11.05;22.14;8.21
11.39;14.20;42.13;11.04;22.22;8.52
11.25;13.31;40.30;11.30;21.68;8.73
11.49;13.60;39.51;11.53;21.35;8.73
11.59;13.64;39.20;11.65;21.49;8.77
12.24;13.70;38.42;11.65;20.88;8.87
12.71;14.60;37.90;11.26;20.36;8.80
13.27;15.00;38.00;11.17;20.57;8.91
12.63;14.90;38.23;11.24;21.03;9.24
12.54;14.81;40.06;11.79;20.76;9.16
11.89;15.06;40.88;11.58;20.82;9.08
12.09;16.20;41.53;11.15;20.56;8.96
12.09;16.66;40.93;10.85;20.94;9.28
11.89;16.82;40.46;10.75;21.05;9.40
11.59;17.95;40.87;10.30;21.44;9.52
11.54;19.98;41.57;10.90;21.66;9.75
12.21;19.50;41.92;10.83;21.47;9.89
12.38;20.99;41.99;10.89;21.32;9.75
13.28;22.20;42.27;11.17;21.30;9.70
12.98;22.00;41.11;10.75;20.91;9.66
12.55;21.40;39.34;10.35;19.88;9.66
12.68;20.35;39.09;10.45;19.76;9.63
12.28;18.80;38.00;10.44;19.14;9.35
12.24;19.80;38.28;10.30;19.51;9.46
12.28;20.98;38.72;9.88;19.84;9.40
12.28;20.50;40.43;9.94;20.11;9.58
12.33;21.60;40.94;10.15;20.55;9.56
13.18;20.76;40.60;10.11;20.31;9.61
12.78;19.96;39.76;9.92;20.34;9.64
13.08;19.55;40.36;9.74;20.69;9.45
13.13;19.38;39.73;9.44;20.41;9.38
13.57;20.42;39.08;9.63;20.60;9.66
14.02;20.91;39.39;9.33;20.60;9.66
13.86;20.40;39.44;9.33;21.11;9.75
13.77;20.41;39.57;9.04;21.26;10.49
13.62;18.48;38.76;8.70;21.34;10.44
13.47;14.90;39.86;8.83;21.91;10.44
13.57;13.77;40.09;9.09;22.49;10.62
13.32;14.91;40.08;9.27;22.40;10.67
13.32;15.73;41.11;9.52;22.54;10.67
13.11;16.00;40.79;9.91;22.36;10.55
13.12;16.69;41.55;9.62;22.54;10.48
13.17;17.15;41.84;9.49;22.49;10.56
13.12;16.41;41.30;9.54;22.28;10.67
13.22;16.70;41.37;9.19;22.28;10.44
13.18;16.75;40.94;8.79;21.90;10.15
13.07;16.62;40.89;8.69;21.92;10.25
13.22;16.37;40.85;8.56;22.13;10.03
13.21;15.50;41.49;8.49;22.33;10.30
13.22;16.11;43.45;8.60;23.02;10.67
13.05;16.66;44.00;8.84;22.81;11.09
13.02;17.00;43.64;9.35;22.70;11.09
12.92;17.50;43.34;9.18;23.36;10.81
12.83;17.00;43.34;9.14;23.32;10.94
13.42;17.12;43.67;8.95;22.95;11.11
13.32;17.00;42.78;8.61;22.32;10.67
13.12;16.02;43.56;8.68;22.44;10.72
13.27;16.15;44.33;8.43;23.34;10.84
14.16;16.76;44.24;8.71;23.11;10.95
14.91;16.85;43.82;8.14;23.20;11.19
15.46;16.50;44.74;7.56;23.44;11.95
15.41;16.30;44.81;7.18;23.53;12.03
15.26;16.07;45.37;7.28;23.87;11.98
15.90;16.05;45.19;7.06;23.79;11.67
16.41;15.69;44.63;6.84;23.70;11.65
15.66;15.97;44.19;6.39;23.34;11.43
14.91;15.77;43.06;6.43;22.44;11.25
15.21;15.90;43.34;6.69;21.92;11.22
15.01;14.99;42.07;6.46;21.35;11.14
15.06;14.60;40.98;7.22;20.79;10.86
14.96;14.40;40.78;6.68;20.99;10.91
14.51;14.30;40.51;6.44;20.71;10.43
14.40;13.70;40.05;6.03;20.38;10.60
13.80;13.00;40.42;6.08;20.86;10.72
14.32;14.18;40.92;6.37;21.93;10.86
14.61;14.10;42.40;6.97;22.51;11.19
14.91;13.70;42.17;6.53;22.22;11.16
14.71;13.15;41.08;5.69;21.50;11.07
14.66;13.30;41.46;5.69;21.37;11.00
15.11;13.79;41.64;6.15;21.73;11.28
15.51;13.71;42.10;6.53;21.35;11.38
15.06;13.66;40.53;6.32;20.94;11.01
14.91;13.80;40.09;6.03;20.45;10.59
14.62;13.02;38.21;5.83;19.51;10.30
13.72;13.89;37.96;5.80;19.36;10.57
14.41;13.36;37.11;5.70;19.36;10.35
13.70;12.26;35.81;5.29;18.64;10.24
13.82;13.55;34.39;5.32;18.00;9.91
13.32;13.30;35.90;5.33;18.37;9.83
13.52;13.48;37.97;5.54;19.21;10.24
12.82;13.85;37.05;5.39;18.76;10.06
13.42;13.21;37.03;5.12;18.63;10.05
14.02;13.39;38.09;5.29;19.65;10.54
13.92;13.08;38.03;5.12;19.99;10.46
14.02;13.17;38.68;5.33;20.23;10.41
14.08;13.00;38.67;5.31;20.50;10.43
13.91;13.15;38.27;5.20;19.97;10.44
13.92;13.20;39.01;5.43;20.42;10.31
14.39;14.30;40.52;5.49;21.20;10.74
14.60;14.50;40.69;5.25;21.39;10.86
15.16;14.59;41.08;5.13;21.90;11.17
15.16;14.67;40.90;5.18;21.93;11.18
14.51;14.31;40.33;4.94;21.43;11.00
14.82;14.63;40.66;5.24;21.30;11.05
14.51;15.00;40.33;5.13;21.21;10.80
14.56;15.35;40.16;5.21;21.33;10.84
14.31;15.40;41.26;5.43;21.42;10.94
14.16;15.50;41.28;5.39;21.19;10.96
13.90;14.85;41.08;5.12;20.77;10.41
13.85;14.40;41.69;5.04;20.75;10.31
13.72;14.28;39.86;5.19;20.04;10.07
13.52;14.31;39.91;5.29;20.08;10.27
13.87;15.40;41.13;5.53;21.21;10.50
13.82;15.30;39.91;5.11;20.36;10.06
13.82;15.39;39.58;5.08;19.99;10.21
14.41;15.50;41.06;4.94;20.43;10.50
14.41;15.20;41.46;5.00;20.92;10.51
14.61;14.85;41.66;4.95;20.63;10.46
14.91;14.62;42.16;5.09;20.74;10.46
14.69;15.26;42.50;5.29;21.35;10.26
14.69;14.96;42.31;5.48;21.01;10.26
14.74;14.80;42.41;5.36;21.06;10.31
14.66;15.14;43.06;5.49;21.43;10.46
14.72;15.10;43.27;5.58;21.69;10.65
14.56;15.02;43.05;5.57;22.15;10.50
14.56;15.12;43.58;5.44;21.79;10.60
14.71;15.30;43.53;5.26;21.56;10.50
14.61;15.20;43.20;5.28;21.12;10.27
15.70;15.70;43.09;5.25;20.84;10.36
16.13;15.52;42.78;5.30;20.38;10.40
15.85;15.39;41.75;5.39;20.04;10.40
16.71;16.30;42.59;5.74;19.83;10.72
17.70;16.49;42.68;6.23;20.14;11.17
17.49;16.66;41.79;6.00;20.14;11.25
17.60;16.11;42.30;6.08;20.11;11.14
17.33;15.50;41.79;6.13;20.00;10.88
16.76;15.00;41.70;6.08;19.64;10.88
16.50;14.92;40.38;5.97;18.88;10.72
16.45;15.40;40.80;6.07;19.12;10.65
17.05;16.09;41.37;6.11;19.17;10.79
17.79;15.69;41.13;6.39;19.70;10.77
17.79;15.60;40.66;6.52;19.69;10.69
18.04;15.88;40.61;6.64;19.65;10.88
17.89;15.73;40.52;6.70;19.32;10.55
17.31;16.60;41.35;6.97;20.04;10.95
17.94;16.54;41.62;6.58;20.28;10.94
17.29;17.19;41.09;6.48;20.47;11.12
17.30;17.26;39.92;6.21;20.06;11.10
17.54;17.54;38.82;6.44;19.84;10.87
17.30;17.00;37.28;6.68;19.00;10.81
17.64;16.51;37.31;6.97;19.02;10.74
17.77;16.70;38.36;6.82;19.36;10.75
17.44;16.60;37.25;6.67;19.07;10.71
17.64;16.77;36.98;6.66;18.97;10.65
17.99;16.98;38.30;6.68;19.21;10.50
17.49;16.45;37.51;6.58;18.78;10.80
16.76;15.75;36.44;6.39;18.26;10.88
16.10;15.10;36.43;6.33;18.63;10.69
16.10;15.90;35.94;6.25;18.39;10.60
16.10;16.10;36.09;6.18;18.17;10.36
16.65;16.59;36.84;6.36;18.65;10.73
16.90;16.00;37.79;6.28;19.21;10.66
16.90;15.98;38.26;6.82;19.45;10.74
16.80;15.80;38.25;6.67;19.56;10.34
17.39;16.39;38.17;6.85;19.84;10.67
17.20;16.60;36.56;6.68;19.12;10.53
17.20;17.35;37.79;7.06;19.85;10.68
17.13;16.91;37.79;6.92;20.19;10.75
17.05;17.10;37.88;6.74;20.22;10.71
17.73;17.52;38.49;6.68;20.51;11.22
17.48;17.77;38.73;6.73;20.73;11.37
16.70;18.32;38.33;6.61;20.90;11.06
16.94;18.37;39.25;6.82;21.29;11.19
17.39;18.12;39.67;6.98;21.62;11.40
17.25;17.70;38.95;6.92;21.29;11.10
17.38;17.30;38.62;7.20;21.33;11.05
17.55;17.32;39.38;7.03;21.59;11.35
17.35;17.30;38.73;7.01;21.68;11.11
17.37;18.50;38.56;7.11;21.87;11.24
17.43;18.30;39.48;6.86;22.61;11.31
18.24;18.36;40.80;6.73;22.96;11.07
18.54;18.35;40.80;7.08;22.80;11.13
18.44;18.30;40.57;7.63;22.61;11.18
18.19;17.93;40.05;7.31;22.41;11.43
18.59;18.40;40.52;7.34;22.68;11.35
18.82;18.97;40.95;7.58;23.30;11.39
19.28;18.80;41.68;7.93;23.57;11.30
19.86;19.10;42.54;8.35;24.08;11.64
19.47;18.71;42.24;8.29;23.89;11.93
19.48;19.05;43.08;8.33;23.89;12.09
19.88;18.20;43.12;8.23;24.33;12.02
19.63;18.40;43.75;8.29;24.11;11.94
20.18;18.40;42.54;8.56;23.52;11.92
20.43;18.62;42.98;8.58;23.64;12.25
20.13;18.90;42.25;8.40;23.74;12.36
19.88;18.95;41.97;8.33;23.68;12.31
19.53;19.43;42.86;8.78;24.22;12.49
19.38;20.10;42.88;8.96;24.34;12.86
19.77;20.00;42.64;8.99;24.36;12.99
19.55;19.66;42.74;8.88;24.33;12.91
19.13;19.10;42.38;8.53;24.09;12.79
18.84;19.99;42.60;8.35;24.09;12.41
18.98;20.23;43.99;8.45;24.82;12.54
19.03;20.29;44.21;8.28;24.86;12.70
18.84;20.67;43.70;8.03;24.46;12.26
19.43;21.93;44.51;8.16;25.68;12.53
19.58;22.08;45.00;8.06;26.59;12.29
19.63;22.95;44.96;7.99;26.34;12.20
19.73;22.30;45.11;8.04;25.93;11.99
19.53;22.80;45.51;8.38;25.60;11.98
19.68;22.91;45.44;8.68;26.13;12.12
19.88;22.60;45.23;8.70;25.90;12.21
19.88;23.32;45.15;8.58;26.03;12.31
19.98;23.01;45.55;8.79;26.40;12.50
20.38;23.02;45.58;8.65;26.46;12.65
20.31;22.94;45.73;8.45;26.20;12.50
20.66;22.82;46.07;8.68;26.30;12.49
20.37;22.43;46.74;8.55;26.11;12.45
20.56;21.80;46.60;8.39;26.15;12.58
20.48;22.03;46.47;8.48;26.45;12.51
20.87;22.35;46.87;8.51;26.38;12.56
21.62;22.88;47.75;8.66;26.85;12.84
22.04;23.01;48.04;8.72;26.59;12.70
22.27;23.80;49.11;8.78;27.18;13.20
22.55;23.70;47.41;8.49;26.05;12.96
22.01;23.56;46.39;8.25;26.05;12.89
21.95;22.16;44.97;7.75;25.02;12.70
21.97;22.56;45.36;8.09;25.56;12.72
21.70;21.80;44.31;7.75;25.14;12.62
21.10;22.65;44.05;7.84;25.83;12.29
21.75;22.70;44.01;7.79;26.10;12.22
21.95;23.25;43.95;8.03;26.82;11.98
21.99;22.74;43.70;8.03;26.70;11.94
21.85;22.56;43.03;8.00;26.67;11.71
21.99;23.00;42.89;7.98;26.68;11.56
21.90;22.90;42.20;8.01;26.50;11.59
22.55;24.00;43.98;8.08;27.23;11.82
22.77;24.38;44.05;8.10;27.77;11.70
23.40;24.70;45.46;8.10;28.90;11.63
23.80;24.25;45.85;8.04;29.74;11.51
23.10;24.50;45.27;8.04;29.30;11.40
22.90;24.34;44.07;7.93;28.85;11.33
23.00;24.90;45.08;8.12;28.88;11.29
23.00;24.98;45.63;8.08;29.49;11.48
23.25;25.15;45.50;8.63;29.69;11.40
23.10;25.33;46.05;8.48;29.49;11.43
23.00;25.78;45.76;8.62;29.54;11.29
23.00;25.30;45.03;8.51;30.23;11.29
23.40;24.60;43.72;8.31;29.79;11.23
24.00;25.34;44.39;8.82;29.89;11.25
24.60;24.96;43.61;8.77;29.45;11.16
24.40;24.35;43.08;8.53;29.28;10.99
24.87;25.00;43.87;8.55;30.34;11.32
25.19;25.15;43.56;8.73;31.30;11.60
25.85;25.60;43.07;8.64;31.48;11.70
25.90;25.25;43.16;8.73;31.48;11.62
26.99;25.25;43.13;8.70;32.14;11.61
27.29;25.60;43.86;8.68;32.46;11.65
26.34;25.52;44.23;8.38;31.95;11.43
26.33;25.27;44.40;8.22;32.17;11.37
24.40;23.11;41.47;7.54;29.62;10.83
24.35;23.65;41.74;7.88;30.70;10.94
25.00;24.10;41.23;7.73;30.03;10.93
23.50;22.80;39.97;7.48;29.10;10.80
22.60;22.05;39.11;7.29;27.93;10.79
24.15;23.29;40.60;7.68;30.08;10.81
23.51;22.80;40.16;7.48;29.93;10.59
24.05;23.40;41.23;7.54;30.18;10.70
25.30;23.80;41.38;7.57;30.72;10.82
25.10;23.23;40.79;7.73;30.98;10.81
24.24;22.00;40.14;7.33;29.97;10.54
24.20;22.43;40.25;7.38;30.53;10.64
23.95;22.10;39.87;7.30;31.06;10.53
23.36;21.71;39.15;7.10;30.67;10.35
23.70;22.05;40.01;7.24;31.49;10.48
23.99;23.15;40.96;7.29;31.51;10.62
24.94;24.39;42.15;7.77;31.77;10.57
25.25;24.25;42.74;7.52;31.44;10.47
25.39;24.54;42.91;7.53;31.41;10.59
25.00;24.95;43.42;7.33;31.81;10.37
24.31;25.00;42.99;7.14;31.46;10.21
23.94;24.04;42.83;7.24;30.73;10.37
24.30;24.60;44.88;7.18;31.21;10.34
24.98;24.50;44.92;7.16;31.66;10.41
24.90;24.50;44.80;7.34;31.61;10.34
25.25;25.00;44.57;7.47;32.71;10.64
25.50;25.39;45.14;7.48;33.08;10.48
25.54;25.95;45.33;7.34;33.21;10.43
25.78;25.60;45.19;7.23;33.26;10.43
25.69;25.20;45.87;7.35;33.48;10.95
25.40;24.90;45.22;8.00;33.72;10.69
25.20;25.31;45.82;8.15;34.12;10.91
25.10;25.25;46.81;8.10;34.30;11.29
25.29;25.59;47.74;8.26;35.39;11.39
25.24;25.05;46.85;8.11;35.59;11.34
24.85;25.06;46.39;8.20;35.23;11.20
24.55;25.60;45.67;8.35;34.99;11.23
25.76;26.75;46.12;8.55;35.63;11.25
25.87;26.20;45.75;8.40;35.82;11.42
25.76;27.19;45.65;8.95;35.78;11.22
25.80;27.98;46.61;9.05;35.82;11.30
25.35;27.80;45.57;9.04;34.91;11.18
24.61;28.48;45.23;9.36;35.00;11.23
23.72;29.80;44.35;9.40;34.89;10.87
24.55;28.60;44.75;9.08;35.18;11.17
24.40;29.78;45.33;9.20;36.23;11.18
24.70;29.69;45.15;9.05;37.02;11.34
25.20;29.04;44.17;8.88;36.48;11.18
25.10;29.45;44.25;9.00;36.08;11.07
25.35;30.60;44.34;9.01;37.62;11.18
24.50;29.50;43.53;8.75;36.68;11.07
25.00;29.55;44.38;9.06;37.12;11.25
25.00;28.47;44.50;9.04;36.43;11.07
25.20;28.47;44.27;8.78;36.19;11.05
25.64;29.65;45.14;8.68;36.87;11.14
25.41;29.50;45.18;8.60;36.33;11.36
25.11;29.10;45.63;8.73;36.57;11.69
25.02;29.15;46.07;8.86;36.43;12.10
25.02;28.80;46.02;8.90;36.01;11.84
24.73;29.00;46.31;8.80;35.49;11.82
24.16;28.99;45.24;8.71;34.44;11.31
24.85;28.51;45.82;8.93;35.34;11.46
24.81;29.20;45.97;9.08;35.56;11.61
24.60;29.59;45.18;9.06;35.19;11.43
24.80;30.60;45.82;9.30;36.04;11.46
24.78;30.79;45.08;9.38;36.44;11.37
24.65;30.30;46.21;9.41;37.32;11.61
24.50;30.50;46.78;9.23;37.48;11.41
24.85;29.78;47.09;9.11;37.40;11.56
24.23;29.01;46.03;8.97;36.48;11.51
24.00;30.49;46.51;8.85;36.08;11.72
24.09;30.20;47.10;9.45;36.30;12.18
23.60;29.85;47.22;9.23;35.24;11.77
24.25;30.10;48.26;9.62;36.08;12.16
24.50;29.80;49.06;10.00;36.69;12.25
25.33;30.88;49.80;9.87;37.24;12.53
25.62;30.35;50.00;9.80;37.77;12.43
25.43;30.45;50.67;9.54;36.63;12.35
25.30;30.00;49.84;9.30;36.29;12.60
25.19;30.50;50.34;9.60;36.75;12.92
24.98;29.98;50.35;9.40;36.53;12.81
24.93;29.80;50.24;9.61;36.29;12.84
24.71;30.21;49.76;9.81;35.73;12.75
25.00;30.80;50.25;9.97;36.13;12.67
25.82;30.69;50.24;9.85;35.29;12.58
26.40;30.80;50.67;9.63;35.98;12.80
26.85;31.30;51.81;9.77;36.97;12.77
27.02;30.85;52.69;10.07;37.12;12.81
27.00;30.80;52.94;10.03;37.72;12.84
27.11;30.30;53.22;9.84;38.09;13.01
27.55;30.55;53.71;9.95;38.61;12.85
27.05;29.61;52.84;10.25;38.31;12.91
26.90;30.49;53.25;9.90;39.30;12.86
27.10;30.99;54.46;9.75;41.24;12.85
26.90;31.00;54.79;9.67;40.75;12.82
26.74;30.84;54.27;9.66;40.08;12.79
27.60;30.40;55.24;9.53;40.23;13.17
28.00;30.77;55.10;9.50;40.40;12.91
28.80;30.21;55.90;9.59;40.75;12.93
28.70;30.95;55.52;8.95;40.35;12.53
28.56;30.22;56.42;8.76;41.44;12.62
27.70;28.98;53.25;8.49;40.15;12.18
27.67;29.00;54.02;8.60;39.61;11.93
26.69;28.06;51.51;8.36;38.14;11.66
25.40;28.56;50.10;8.67;37.60;11.32
25.51;29.14;52.39;8.86;39.06;11.84
25.60;29.00;51.72;8.40;39.31;11.83
26.00;29.26;51.40;8.30;39.26;11.78
25.22;29.28;51.76;8.20;39.55;11.88
24.40;28.70;49.55;7.95;37.72;11.64
24.50;28.90;49.59;8.06;37.72;11.55
25.85;28.53;49.80;8.16;38.71;11.89
27.05;29.50;51.66;8.35;39.78;12.08
25.69;28.00;49.65;7.91;38.22;11.93
24.88;28.00;48.57;7.93;36.98;11.65
23.99;28.29;48.97;7.93;37.07;11.46
23.85;27.69;48.51;7.89;35.24;11.13
22.90;26.85;47.53;7.75;33.41;10.74
22.99;24.60;46.12;7.50;33.15;10.84
22.80;25.09;45.53;7.70;33.75;10.55
23.30;24.99;45.89;8.02;34.10;10.84
22.80;25.13;45.80;7.80;34.99;11.25
22.77;27.10;48.34;8.20;36.90;12.13
22.50;26.99;48.50;8.34;37.67;11.63
23.60;26.92;49.35;8.69;38.79;11.93
23.60;27.25;49.16;8.55;39.41;11.63
22.85;26.30;48.16;8.69;37.72;11.63
22.81;27.36;49.20;8.98;39.28;11.83
22.40;27.00;49.88;8.95;39.35;11.74
22.70;27.00;51.78;9.31;40.30;12.33
22.80;27.99;52.01;9.19;40.90;12.08
23.00;27.71;53.28;9.54;41.73;12.03
22.70;27.40;53.06;9.10;41.14;12.31
22.39;27.36;53.64;8.71;42.58;12.29
21.35;26.20;52.37;8.42;41.19;11.76
22.60;27.14;53.86;8.73;42.41;12.06
23.00;27.00;54.27;8.59;42.48;12.25
23.64;27.37;54.90;8.80;43.83;12.38
22.90;27.40;53.86;8.87;43.28;12.53
22.82;26.79;54.05;8.65;43.58;12.53
24.00;27.66;56.39;8.97;46.45;12.75
24.95;27.80;56.25;8.89;46.54;12.89
25.00;28.50;56.34;8.67;46.64;12.72
25.70;30.00;58.03;8.79;46.90;12.84
25.60;30.10;59.51;8.58;49.37;12.99
25.50;30.27;58.63;8.93;49.55;12.87
25.50;30.25;59.36;8.83;50.42;12.81
26.19;30.70;59.86;9.00;52.61;13.12
26.10;30.70;58.72;8.88;51.81;13.44
26.51;31.66;59.86;8.90;55.19;13.82
26.00;32.00;60.22;8.84;54.34;13.26
25.15;31.60;58.22;8.74;50.13;13.41
26.25;32.59;58.72;8.44;48.76;12.99
26.99;32.70;61.15;8.50;50.80;13.38
26.52;33.30;61.84;8.82;50.91;13.75
27.35;33.30;63.14;9.30;52.00;13.77
26.60;32.86;65.15;8.93;51.44;13.32
25.66;32.32;64.74;9.11;51.60;13.20
25.79;32.49;67.10;9.26;53.50;13.20
26.03;31.25;66.51;9.41;51.88;12.97
26.85;33.35;67.54;10.30;53.23;13.05
27.10;33.20;67.00;10.05;53.25;13.44
26.80;32.45;63.00;9.93;50.40;13.38
27.30;32.79;62.61;10.59;49.81;13.25
27.45;34.99;64.49;10.65;50.75;13.54
27.85;35.47;67.20;10.45;49.42;13.56
27.21;35.36;68.10;10.15;50.16;13.42
27.59;35.82;71.10;10.40;52.60;13.80
27.78;31.80;72.83;10.12;55.00;13.45
26.80;31.49;70.02;10.15;53.90;13.40
27.50;31.95;72.02;10.21;54.65;13.25
26.40;31.02;71.45;9.90;53.67;12.95
25.80;30.05;68.10;9.70;51.70;13.23
25.65;31.20;70.00;10.33;53.90;13.26
24.80;30.29;70.25;10.00;52.80;13.22
23.38;28.70;80.20;9.50;52.79;12.45
23.90;30.17;81.65;9.60;53.30;12.30
22.90;28.70;76.34;9.06;50.69;11.92
23.46;29.35;77.70;9.47;51.51;12.90
24.50;31.00;79.13;9.99;53.11;13.22
23.89;31.00;78.80;10.00;52.00;12.96
22.20;29.79;77.30;9.56;50.15;12.08
22.49;29.26;75.85;9.78;48.60;11.92
22.94;28.85;76.15;9.61;49.00;11.88
21.90;28.60;76.50;9.80;49.40;12.42
21.60;26.44;74.88;9.49;48.00;12.20
21.50;26.06;74.00;9.63;47.90;12.68
21.70;28.14;73.89;10.09;51.00;13.19
22.70;29.30;73.40;10.25;52.06;13.54
23.46;29.79;71.90;10.64;52.15;13.98
22.93;29.60;73.20;10.29;52.10;13.52
23.50;29.25;74.50;10.21;52.30;13.70
24.00;28.85;78.50;10.44;53.40;13.55
24.09;29.50;80.65;10.28;54.39;14.06
23.70;28.90;80.05;10.29;53.81;13.78
23.25;29.08;79.70;10.19;53.80;13.90
22.80;27.75;80.90;9.85;52.40;13.28
22.30;28.58;84.99;9.50;52.00;13.00
21.40;27.30;82.30;9.10;49.80;12.93
21.20;26.30;81.20;9.11;49.55;12.82
20.20;26.06;76.95;8.45;47.85;12.52
21.70;27.60;78.80;9.00;48.79;12.32
22.30;27.80;81.33;8.60;49.60;12.40
21.49;26.75;82.40;8.85;50.36;12.66
21.75;26.62;85.03;9.32;50.80;12.86
21.68;27.60;87.30;9.35;51.95;12.95
22.20;27.23;86.34;9.28;50.90;13.12
23.04;28.65;88.40;9.41;50.75;12.91
23.29;27.80;87.00;9.58;49.30;12.85
22.95;26.81;85.60;9.31;50.00;12.90
22.60;25.90;81.40;9.13;48.21;12.36
22.50;25.36;79.01;9.10;47.51;12.38
22.90;26.08;83.35;8.98;48.40;12.60
22.58;27.02;84.92;8.88;48.50;12.65
22.20;27.18;84.10;9.12;50.00;13.00
21.70;27.49;81.56;9.05;48.42;12.10
21.15;27.22;81.09;9.05;48.88;12.19
20.30;25.76;77.52;8.80;47.30;11.75
19.40;25.30;74.60;8.68;45.35;11.55
19.19;23.96;70.85;8.24;45.70;11.26
19.85;23.68;71.80;7.95;46.87;11.25
19.29;23.07;66.47;7.80;41.55;11.00
19.80;23.60;72.96;8.41;43.25;11.28
18.50;22.70;71.71;8.00;40.61;11.64
18.89;23.55;76.74;8.73;43.70;11.76
18.90;24.00;80.87;9.34;44.00;11.84
19.49;24.52;80.80;9.35;44.25;12.30
19.10;24.01;82.63;9.55;45.21;12.62
19.00;23.29;80.40;10.15;44.77;12.49
19.45;23.30;81.70;10.60;47.00;13.10
19.45;22.85;78.80;9.82;45.20;12.05
19.30;22.40;81.25;10.24;44.59;11.97
19.50;22.26;81.80;10.13;45.40;12.34
19.74;23.00;83.17;10.30;47.05;12.50
20.75;23.65;83.34;10.70;47.59;12.65
21.50;24.60;84.56;10.49;47.82;12.40
20.41;24.46;83.53;10.27;47.42;12.55
20.40;24.45;82.80;10.25;46.50;12.40
20.95;25.10;84.95;10.38;48.86;12.88
20.69;24.34;85.30;9.90;48.62;12.54
21.40;24.75;85.50;10.08;50.25;12.82
22.10;24.64;84.01;10.60;50.10;12.85
22.45;26.15;84.30;10.68;51.15;12.64
21.69;25.50;84.25;11.19;51.24;12.98
21.06;26.00;84.40;11.30;51.15;12.60
20.45;25.75;85.70;11.16;51.35;12.71
19.84;25.61;86.15;10.60;52.50;12.60
19.00;24.90;81.45;10.16;49.86;12.23
19.50;26.41;80.90;10.60;49.64;12.17
19.15;25.99;78.65;11.08;48.71;12.00
19.00;26.15;80.60;10.70;49.59;12.39
18.36;25.00;79.01;10.50;48.53;12.08
17.85;24.84;78.16;10.30;47.95;11.98
17.00;24.16;76.70;9.86;46.06;11.50
17.40;26.06;79.71;10.48;48.49;11.40
18.29;25.81;79.32;10.50;48.30;11.42
18.70;25.84;78.28;10.45;48.55;11.71
18.88;24.67;76.74;10.44;48.61;11.84
18.95;24.75;73.83;9.92;46.50;11.45
19.85;23.95;74.95;10.20;47.70;11.78
19.00;22.87;69.40;9.51;44.26;11.30
18.17;22.25;69.40;9.83;44.20;11.60
18.45;22.91;70.00;10.34;46.30;11.84
18.16;23.20;73.70;10.40;47.58;12.26
18.21;22.91;74.90;10.07;49.75;12.30
18.24;22.35;73.11;10.45;50.00;12.09
18.20;21.80;72.61;10.20;50.20;11.64
17.70;22.19;73.99;10.23;50.79;11.97
18.25;23.27;75.76;10.70;51.90;12.65
18.49;23.00;77.77;11.10;51.30;12.60
18.59;23.50;78.70;11.25;51.70;12.86
18.90;23.27;79.00;11.02;51.75;12.51
19.60;23.59;78.50;10.90;52.00;12.95
19.80;23.85;79.99;11.00;52.00;13.20
19.90;23.69;80.04;10.75;51.21;12.92
19.60;24.07;80.33;10.70;50.95;12.82
18.90;23.30;78.55;10.30;50.06;12.79
18.60;22.67;82.97;9.98;49.11;12.98
18.65;22.00;83.94;10.12;50.40;13.03
19.11;22.32;83.40;10.40;51.69;13.02
18.55;22.82;85.10;10.73;51.80;12.64
18.78;23.15;85.30;10.87;51.70;12.65
19.07;23.24;86.20;10.60;52.95;12.97
19.60;23.01;85.02;10.50;52.70;13.00
20.15;22.72;83.20;10.50;51.21;13.03
20.42;23.28;84.30;10.70;51.50;13.03
20.37;23.89;42.59;11.03;52.30;13.35
20.17;23.24;40.90;11.10;51.01;12.80
21.70;25.02;42.20;12.10;53.59;13.40
22.76;25.80;43.00;12.26;53.50;13.30
23.19;28.19;43.85;12.00;54.40;13.43
22.74;26.77;45.00;11.80;55.20;13.90
22.59;25.69;44.85;11.70;53.96;13.84
23.40;25.00;45.00;11.77;54.80;13.90
23.05;25.16;45.67;11.59;54.42;13.60
23.50;25.45;45.75;11.35;55.20;14.41
24.05;25.80;46.95;11.07;55.53;14.40
23.90;26.80;46.30;11.17;55.25;14.30
23.90;27.03;47.11;11.59;56.84;14.28
23.41;26.65;48.15;11.75;58.62;14.32
23.50;25.60;50.00;11.40;58.70;14.79
23.08;25.35;51.66;11.22;58.59;14.40
23.00;25.40;52.51;10.86;56.90;14.13
22.98;25.20;50.56;10.80;56.15;14.20
22.33;25.00;51.57;10.73;55.80;14.60
22.64;24.43;49.90;10.97;54.69;14.26
23.40;25.49;50.99;11.49;55.80;14.52
23.70;25.20;49.34;11.15;53.40;14.74
24.23;25.16;49.00;11.26;54.36;14.56
22.90;23.80;49.79;10.96;54.37;14.50
22.50;24.30;47.45;10.31;52.45;14.47
23.02;24.01;45.28;10.42;50.85;14.30
24.25;25.20;47.56;10.28;52.96;14.53
23.38;24.05;47.59;9.78;51.60;14.26
22.60;24.55;47.48;9.52;50.70;13.91
22.00;24.75;46.00;9.75;48.62;13.90
21.01;24.85;45.40;9.48;47.60;13.83
22.59;24.80;45.18;9.31;47.53;13.97
23.30;24.50;45.90;9.85;46.90;13.59
23.00;24.30;45.80;9.98;46.99;13.23
23.00;24.50;46.25;10.32;48.50;13.46
23.00;23.73;45.40;10.33;48.90;12.97
22.47;23.90;43.90;10.70;48.70;12.67
21.62;23.89;43.13;10.50;46.75;12.81
20.88;23.51;43.89;10.19;47.50;12.34
20.39;23.30;43.77;10.10;48.20;12.56
21.20;23.45;44.95;10.48;49.48;12.30
20.50;22.80;44.90;10.18;47.02;11.82
20.46;22.84;45.30;10.10;47.06;11.86
20.63;23.00;46.21;10.29;47.70;11.72
20.30;21.50;46.09;10.25;46.04;11.50
19.23;20.79;43.98;10.23;43.40;11.51
18.27;20.62;42.55;9.90;42.71;11.35
18.55;21.92;43.20;9.75;43.21;11.15
19.44;21.29;41.93;9.52;43.36;10.95
20.98;21.24;40.61;9.80;43.54;11.22
20.70;22.45;40.05;9.95;43.09;11.26
20.60;22.44;40.60;9.89;42.95;11.15
21.10;23.30;40.88;9.15;43.90;11.05
21.65;23.89;40.55;9.22;43.47;10.94
22.00;24.17;39.77;9.55;42.60;11.54
20.90;24.77;37.80;9.20;40.30;11.40
20.80;24.18;38.20;9.19;40.16;11.10
20.45;25.30;38.76;9.14;41.40;11.13
20.20;25.48;37.43;8.71;39.90;11.19
20.40;25.21;36.10;8.43;40.02;11.44
19.90;24.49;34.50;8.16;38.00;10.92
19.93;24.81;34.50;8.32;37.98;10.46
19.23;24.13;34.85;8.01;38.15;10.41
20.10;25.20;34.80;8.18;39.00;10.50
20.61;25.55;36.50;8.84;41.61;10.76
20.88;25.00;35.90;9.02;40.85;10.90
19.85;24.80;34.51;8.77;38.45;10.70
19.15;24.63;32.89;8.50;35.70;10.15
20.19;24.42;32.20;9.06;36.04;10.50
20.50;25.26;33.30;9.06;36.71;10.48
20.60;25.50;33.86;8.66;36.75;10.55
20.00;25.80;33.55;8.93;36.20;10.79
19.00;23.74;32.70;8.75;34.61;9.92
18.70;23.50;33.07;8.37;34.60;9.75
18.65;23.17;33.75;8.55;35.56;9.45
18.48;23.61;33.44;8.60;36.51;9.55
18.92;23.46;32.67;8.25;35.70;9.43
18.85;23.08;31.68;8.21;34.90;9.53
18.76;23.58;32.63;7.95;35.43;9.30
19.00;23.00;34.21;8.03;37.90;9.33
19.00;23.00;35.39;7.80;38.80;9.23
19.10;23.00;35.29;8.08;38.10;9.07
18.50;22.37;33.81;8.02;37.13;8.98
19.00;22.85;34.19;8.03;37.01;9.05
19.20;23.30;35.20;8.05;38.50;8.81
19.47;23.85;35.35;8.36;38.70;9.29
18.85;22.90;34.90;8.42;38.00;8.97
18.75;22.75;34.21;8.21;37.50;9.23
18.85;22.62;33.31;8.69;36.89;8.96
18.24;21.83;32.60;8.20;36.65;8.84
17.81;21.60;31.45;7.99;35.51;8.66
17.59;21.78;31.86;8.01;36.10;9.11
16.75;22.10;30.26;8.06;34.85;9.09
16.57;22.00;28.35;7.66;33.34;9.05
16.75;22.48;28.68;7.92;35.25;9.29
17.20;23.09;31.40;8.06;36.70;9.32
17.40;23.31;33.00;8.50;37.30;9.15
16.15;22.51;29.80;8.21;33.62;8.60
16.00;23.62;31.30;8.18;34.88;8.42
15.25;21.77;29.80;7.75;32.20;7.55
15.05;22.15;32.20;7.76;34.60;8.38
17.39;23.70;34.98;8.49;36.84;8.85
16.90;22.75;34.90;8.25;35.45;8.66
15.98;22.20;33.25;8.05;33.52;8.56
15.80;22.65;34.49;7.89;34.15;8.21
16.62;23.25;36.05;8.25;35.82;8.50
15.62;23.82;35.43;8.10;34.49;7.00
13.30;22.80;32.75;7.76;30.30;6.41
13.00;23.69;35.10;7.79;32.71;6.73
11.30;23.48;34.90;8.18;32.70;6.85
10.32;22.92;32.05;7.74;29.40;6.45
10.61;22.20;31.00;7.49;28.96;4.85
9.99;20.94;30.00;7.25;26.99;4.10
9.49;20.00;28.30;7.15;26.00;3.55
9.85;19.56;26.70;6.85;25.80;3.30
10.91;18.00;25.88;6.45;24.55;3.00
10.95;18.49;24.00;6.30;24.30;2.97
12.63;20.06;26.90;7.00;27.46;3.39
13.75;21.50;27.30;28.00;27.70;3.91
12.90;19.99;24.00;24.31;23.50;3.90
13.15;21.60;22.20;26.19;23.00;3.69
12.91;20.73;22.99;26.40;23.15;3.33
14.00;21.80;25.39;26.70;26.09;3.45
12.35;21.40;25.00;25.60;26.39;3.27
9.91;18.95;23.20;21.05;24.10;2.84
9.00;19.80;22.70;20.65;23.30;2.55
7.77;19.60;20.40;20.10;22.05;2.20
6.49;19.21;18.11;18.46;20.24;1.94
8.29;21.96;20.05;20.48;22.95;2.07
9.55;22.63;21.40;21.31;23.50;2.01
10.64;23.00;22.85;23.30;25.20;2.50
10.10;22.39;23.31;23.56;25.40;2.56
10.00;22.45;23.14;23.30;26.28;2.74
10.39;22.37;25.10;23.85;27.72;2.97
9.50;20.81;24.25;23.43;25.77;2.86
9.05;21.08;22.90;21.48;24.80;2.66
9.22;21.50;23.26;22.19;24.30;2.61
8.95;20.50;23.95;22.00;25.25;2.46
9.50;20.16;23.91;23.70;25.56;2.41
9.20;20.00;20.62;22.89;23.86;2.20
10.20;20.94;21.10;22.51;24.24;2.42
9.98;21.08;20.76;24.49;24.50;2.33
10.40;22.20;20.45;24.25;24.30;2.31
9.81;22.92;19.25;23.30;23.14;2.19
9.40;22.38;18.50;23.30;22.50;2.12
8.60;21.70;16.89;22.61;20.75;1.95
9.95;23.00;19.23;24.80;23.44;2.07
10.17;22.85;19.36;26.89;23.90;2.10
11.80;23.70;20.52;27.80;24.43;2.06
11.00;23.85;19.95;28.54;24.20;2.04
11.50;24.01;20.06;29.00;24.51;1.92
10.48;23.21;18.40;26.74;22.89;1.77
10.27;23.26;18.30;28.76;22.49;1.76
10.59;24.00;19.31;28.70;22.46;1.79
9.95;24.10;18.60;29.88;21.96;1.86
10.32;24.45;18.16;31.85;21.50;1.83
11.25;24.60;20.21;36.25;23.71;1.95
10.50;23.40;20.11;36.36;23.72;1.89
10.79;24.02;21.94;35.30;25.30;1.88
10.00;22.67;22.33;34.75;24.77;1.88
9.35;23.13;22.60;36.00;25.05;1.91
9.22;22.45;22.90;35.56;24.72;1.90
10.15;23.70;23.80;33.70;25.93;1.95
9.98;22.50;24.35;31.70;26.39;1.96
9.50;23.09;23.50;31.30;25.31;2.08
9.60;24.30;23.35;29.80;25.20;2.18
9.70;22.96;22.14;29.30;24.09;2.29
9.35;22.30;22.00;29.37;23.21;2.26
9.50;22.26;22.80;28.40;23.90;2.28
9.48;22.01;22.52;28.90;23.80;2.35
10.00;21.86;22.84;28.24;23.89;2.49
