9.91
10.20
10.30
10.70
11.20
11.00
10.75
11.08
11.28
11.44
11.37
11.24
11.19
11.49
11.79
11.96
12.19
12.48
12.39
12.06
11.88
11.72
11.69
11.47
11.39
11.25
11.49
11.59
12.24
12.71
13.27
12.63
12.54
11.89
12.09
12.09
11.89
11.59
11.54
12.21
12.38
13.28
12.98
12.55
12.68
12.28
12.24
12.28
12.28
12.33
13.18
12.78
13.08
13.13
13.57
14.02
13.86
13.77
13.62
13.47
13.57
13.32
13.32
13.11
13.12
13.17
13.12
13.22
13.18
13.07
13.22
13.21
13.22
13.05
13.02
12.92
12.83
13.42
13.32
13.12
13.27
14.16
14.91
15.46
15.41
15.26
15.90
16.41
15.66
14.91
15.21
15.01
15.06
14.96
14.51
14.40
13.80
14.32
14.61
14.91
14.71
14.66
15.11
15.51
15.06
14.91
14.62
13.72
14.41
13.70
13.82
13.32
13.52
12.82
13.42
14.02
13.92
14.02
14.08
13.91
13.92
14.39
14.60
15.16
15.16
14.51
14.82
14.51
14.56
14.31
14.16
13.90
13.85
13.72
13.52
13.87
13.82
13.82
14.41
14.41
14.61
14.91
14.69
14.69
14.74
14.66
14.72
14.56
14.56
14.71
14.61
15.70
16.13
15.85
16.71
17.70
17.49
17.60
17.33
16.76
16.50
16.45
17.05
17.79
17.79
18.04
17.89
17.31
17.94
17.29
17.30
17.54
17.30
17.64
17.77
17.44
17.64
17.99
17.49
16.76
16.10
16.10
16.10
16.65
16.90
16.90
16.80
17.39
17.20
17.20
17.13
17.05
17.73
17.48
16.70
16.94
17.39
17.25
17.38
17.55
17.35
17.37
17.43
18.24
18.54
18.44
18.19
18.59
18.82
19.28
19.86
19.47
19.48
19.88
19.63
20.18
20.43
20.13
19.88
19.53
19.38
19.77
19.55
19.13
18.84
18.98
19.03
18.84
19.43
19.58
19.63
19.73
19.53
19.68
19.88
19.88
19.98
20.38
20.31
20.66
20.37
20.56
20.48
20.87
21.62
22.04
22.27
22.55
22.01
21.95
21.97
21.70
21.10
21.75
21.95
21.99
21.85
21.99
21.90
22.55
22.77
23.40
23.80
23.10
22.90
23.00
23.00
23.25
23.10
23.00
23.00
23.40
24.00
24.60
24.40
24.87
25.19
25.85
25.90
26.99
27.29
26.34
26.33
24.40
24.35
25.00
23.50
22.60
24.15
23.51
24.05
25.30
25.10
24.24
24.20
23.95
23.36
23.70
23.99
24.94
25.25
25.39
25.00
24.31
23.94
24.30
24.98
24.90
25.25
25.50
25.54
25.78
25.69
25.40
25.20
25.10
25.29
25.24
24.85
24.55
25.76
25.87
25.76
25.80
25.35
24.61
23.72
24.55
24.40
24.70
25.20
25.10
25.35
24.50
25.00
25.00
25.20
25.64
25.41
25.11
25.02
25.02
24.73
24.16
24.85
24.81
24.60
24.80
24.78
24.65
24.50
24.85
24.23
24.00
24.09
23.60
24.25
24.50
25.33
25.62
25.43
25.30
25.19
24.98
24.93
24.71
25.00
25.82
26.40
26.85
27.02
27.00
27.11
27.55
27.05
26.90
27.10
26.90
26.74
27.60
28.00
28.80
28.70
28.56
27.70
27.67
26.69
25.40
25.51
25.60
26.00
25.22
24.40
24.50
25.85
27.05
25.69
24.88
23.99
23.85
22.90
22.99
22.80
23.30
22.80
22.77
22.50
23.60
23.60
22.85
22.81
22.40
22.70
22.80
23.00
22.70
22.39
21.35
22.60
23.00
23.64
22.90
22.82
24.00
24.95
25.00
25.70
25.60
25.50
25.50
26.19
26.10
26.51
26.00
25.15
26.25
26.99
26.52
27.35
26.60
25.66
25.79
26.03
26.85
27.10
26.80
27.30
27.45
27.85
27.21
27.59
27.78
26.80
27.50
26.40
25.80
25.65
24.80
23.38
23.90
22.90
23.46
24.50
23.89
22.20
22.49
22.94
21.90
21.60
21.50
21.70
22.70
23.46
22.93
23.50
24.00
24.09
23.70
23.25
22.80
22.30
21.40
21.20
20.20
21.70
22.30
21.49
21.75
21.68
22.20
23.04
23.29
22.95
22.60
22.50
22.90
22.58
22.20
21.70
21.15
20.30
19.40
19.19
19.85
19.29
19.80
18.50
18.89
18.90
19.49
19.10
19.00
19.45
19.45
19.30
19.50
19.74
20.75
21.50
20.41
20.40
20.95
20.69
21.40
22.10
22.45
21.69
21.06
20.45
19.84
19.00
19.50
19.15
19.00
18.36
17.85
17.00
17.40
18.29
18.70
18.88
18.95
19.85
19.00
18.17
18.45
18.16
18.21
18.24
18.20
17.70
18.25
18.49
18.59
18.90
19.60
19.80
19.90
19.60
18.90
18.60
18.65
19.11
18.55
18.78
19.07
19.60
20.15
20.42
20.37
20.17
21.70
22.76
23.19
22.74
22.59
23.40
23.05
23.50
24.05
23.90
23.90
23.41
23.50
23.08
23.00
22.98
22.33
22.64
23.40
23.70
24.23
22.90
22.50
23.02
24.25
23.38
22.60
22.00
21.01
22.59
23.30
23.00
23.00
23.00
22.47
21.62
20.88
20.39
21.20
20.50
20.46
20.63
20.30
19.23
18.27
18.55
19.44
20.98
20.70
20.60
21.10
21.65
22.00
20.90
20.80
20.45
20.20
20.40
19.90
19.93
19.23
20.10
20.61
20.88
19.85
19.15
20.19
20.50
20.60
20.00
19.00
18.70
18.65
18.48
18.92
18.85
18.76
19.00
19.00
19.10
18.50
19.00
19.20
19.47
18.85
18.75
18.85
18.24
17.81
17.59
16.75
16.57
16.75
17.20
17.40
16.15
16.00
15.25
15.05
17.39
16.90
15.98
15.80
16.62
15.62
13.30
13.00
11.30
10.32
10.61
9.99
9.49
9.85
10.91
10.95
12.63
13.75
12.90
13.15
12.91
14.00
12.35
9.91
9.00
7.77
6.49
8.29
9.55
10.64
10.10
10.00
10.39
9.50
9.05
9.22
8.95
9.50
9.20
10.20
9.98
10.40
9.81
9.40
8.60
9.95
10.17
11.80
11.00
11.50
10.48
10.27
10.59
9.95
10.32
11.25
10.50
10.79
10.00
9.35
9.22
10.15
9.98
9.50
9.60
9.70
9.35
9.50
9.48
10.00
