25.322;25.75;25.001;25.75
25.85;26;24.9;25.88
25.8;25.9;25.301;25.48
25.481;25.481;24.8;24.8
24.801;25.09;24.75;24.8
25.32;25.32;23.85;24.3
24.3;24.3;23.551;23.6
23.801;24.599;23.72;24.597
24.701;24.9;24.3;24.9
24.501;25.05;24.45;25.05
25.198;25.23;24.9;25.2
24.801;25.098;24.501;24.8
24.8;25.249;24.3;25.1
25.25;26.4;25.25;26.4
26.3;26.744;25.9;26.3
26.001;27.2;26;27.2
27.199;28.5;27.198;27.8
27.801;27.801;26.8;27.3
27.495;27.799;26.681;26.701
26.701;26.9;25.711;26.199
26.3;26.3;25.55;25.65
25.601;26;25.322;26
26.3;26.399;25.351;25.351
25.401;26.6;25.1;26.316
26.4;26.98;25.601;26.198
25.501;26;25.35;25.35
25.5;25.8;25.212;25.501
25.8;26.55;25.6;25.7
26.001;26.998;25.999;26.989
26.999;27.4;26.85;27.199
27.3;27.399;26.601;27.2
26.456;27.398;26.456;26.9
27.297;27.699;27.101;27.45
27.52;27.52;27;27.3
27.775;27.775;27.101;27.599
27.6;27.697;27.101;27.25
27.2;27.895;27.2;27.84
27.201;28;27.201;28
27.999;28;27.201;27.7
27.7;29.2;27.6;29.1
29;30.59;29;30.5
30;31.9;30;31.5
31.859;31.859;30.351;31.3
30.601;31.5;30.601;31.4
31.2;31.9;30.351;31.1
30.5;31.499;30.007;30.55
30.5;31.5;30.2;31.3
30.4;31.2;30.001;30.92
30.919;31.8;30.899;31.5
31.5;32.298;31.255;32.2
32.331;32.96;31.301;32.3
32.2;32.75;31;31
31.849;31.849;30.3;30.949
30.3;30.8;30;30.6
31.399;31.399;30;30.616
30.9;30.9;29.701;30
30.001;30.3;30;30.298
29.504;31.2;29.503;30.05
29.535;30.899;29;29.5
29.55;30.699;29.001;30.15
29.3;30.5;29.285;30.2
30.5;30.8;30.399;30.4
30.43;30.697;29.4;29.7
30.2;30.39;29.7;29.902
29.8;30.099;29.002;29.99
29.975;29.975;29.002;29.497
29.5;29.505;28.35;28.45
28.43;28.934;27.5;28.2
27.751;28.6;27.501;28.6
28.205;29.4;28.1;29.299
28.501;29.5;28.01;29.4
29.3;29.3;28.6;28.725
29.58;29.899;29;29.6
29.6;30.44;28.7;28.7
28.55;29.349;28.01;28.607
28.5;28.58;28;28
28.767;28.767;28.012;28.539
28.015;30.1;28;30
29.899;30;29.302;29.621
29.7;30.29;29.351;30.29
27.9;28.399;27.501;28.01
28.4;28.4;27.5;28.349
28.351;28.9;28;28.2
28.1;28.5;27.3;28.499
28.1;28.299;27.501;27.75
27.8;28;27.001;27.6
27.7;28.049;27.411;27.78
27.8;27.801;26.8;26.91
26.75;27.5;26.351;27
26.301;27.68;26.201;27.5
27.698;28.397;27.5;28.38
28.35;28.35;26.6;26.8
26.63;27.999;26.6;26.6
27.2;27.999;25.801;26.4
26.3;26.3;25;25.649
26;26.4;25;25
25.111;26;24.501;25.1
25.3;26.799;24.703;26.7
26.8;27.6;26.501;27.395
27.75;27.999;26.7;26.851
