13.76
14.17
14.04
14.01
14.23
14.60
14.58
15.50
15.13
15.00
15.44
15.27
14.84
15.57
15.46
15.44
15.88
16.00
16.85
17.77
18.24
18.67
17.73
18.21
17.79
16.96
17.19
17.35
17.67
16.98
17.29
18.03
18.84
19.19
19.75
19.45
19.05
19.60
18.99
19.07
19.13
19.66
19.28
18.51
18.71
18.18
18.86
18.34
18.69
19.42
19.01
19.45
19.57
18.56
18.58
18.14
18.50
19.31
19.45
19.97
20.26
20.21
20.93
20.77
20.79
21.14
20.57
20.29
20.21
21.67
21.38
21.54
22.27
22.72
22.23
21.87
21.54
21.92
21.14
21.77
22.29
22.32
22.56
23.20
23.20
22.67
22.87
22.55
21.98
21.23
21.23
21.05
20.32
20.60
20.16
20.00
19.71
21.08
21.98
21.70
