85.32
84.85
86.36
87.59
88.73
87.88
87.97
89.59
89.87
89.59
89.59
88.45
87.45
89.39
87.03
85.51
86.74
87.12
87.50
86.27
86.26
86.60
84.09
81.53
83.42
82.29
83.33
84.37
85.76
84.18
84.85
86.60
86.55
87.88
88.26
88.64
88.69
86.46
85.41
86.08
85.79
86.74
87.12
85.89
85.89
85.22
85.79
84.37
84.56
89.02
89.11
88.16
88.16
86.68
87.34
86.67
85.71
87.72
84.95
88.77
88.10
88.86
92.01
94.02
93.44
94.03
93.54
92.97
90.68
90.49
90.68
92.59
94.02
95.16
96.21
95.93
96.69
96.78
92.87
91.63
93.54
93.16
93.25
93.92
95.54
95.74
95.35
93.83
94.02
90.68
91.15
88.29
89.34
90.20
87.43
90.96
89.53
93.06
91.73
90.20
