17.57
17.95
18.12
18.51
18.98
18.89
18.42
19.17
19.07
18.70
19.17
18.98
18.79
19.77
19.72
19.73
20.06
20.67
19.58
19.54
19.03
19.31
19.54
19.59
19.59
19.87
20.58
20.76
22.08
21.78
21.42
21.54
21.23
21.00
21.98
21.23
21.42
21.61
21.89
22.27
22.55
22.73
22.27
21.61
21.57
21.42
21.02
20.86
20.95
21.40
21.42
21.89
22.02
21.33
22.27
21.80
21.38
20.94
20.44
20.11
20.11
20.38
20.67
20.76
20.62
20.56
20.67
20.43
20.18
20.48
20.11
19.83
20.60
20.95
21.61
21.60
21.35
22.01
21.85
21.96
22.80
22.43
22.43
21.98
21.74
21.67
21.18
20.43
20.22
19.75
20.71
20.11
20.71
20.33
19.56
19.18
18.56
19.85
19.95
19.56
