35.38
36.50
36.68
36.60
37.95
37.94
38.00
39.30
39.62
39.57
40.36
39.76
39.37
40.60
41.11
41.53
42.31
42.27
41.79
43.04
43.66
43.43
41.53
41.05
42.13
40.30
39.51
39.20
38.42
37.90
38.00
38.23
40.06
40.88
41.53
40.93
40.46
40.87
41.57
41.92
41.99
42.27
41.11
39.34
39.09
38.00
38.28
38.72
40.43
40.94
40.60
39.76
40.36
39.73
39.08
39.39
39.44
39.57
38.76
39.86
40.09
40.08
41.11
40.79
41.55
41.84
41.30
41.37
40.94
40.89
40.85
41.49
43.45
44.00
43.64
43.34
43.34
43.67
42.78
43.56
44.33
44.24
43.82
44.74
44.81
45.37
45.19
44.63
44.19
43.06
43.34
42.07
40.98
40.78
40.51
40.05
40.42
40.92
42.40
42.17
