24.41
25.47
25.88
25.41
25.97
25.94
25.32
25.54
25.46
25.66
25.79
25.55
24.91
25.97
25.66
26.07
27.15
28.54
29.17
29.82
30.04
30.49
28.92
28.79
29.04
28.04
28.17
27.92
27.51
26.29
27.10
28.17
28.92
29.41
30.12
30.12
30.38
30.63
30.95
31.84
33.00
33.22
32.33
31.70
31.45
30.95
30.87
31.01
31.70
32.65
32.52
32.75
32.39
31.20
31.77
31.83
31.85
31.66
30.55
31.07
30.69
30.69
31.51
32.46
32.83
32.90
32.33
32.84
32.71
33.22
33.46
34.18
34.44
34.60
34.00
33.95
34.15
34.40
33.44
34.16
35.24
33.63
32.97
32.35
33.25
34.01
34.01
33.61
33.63
32.21
31.92
31.06
30.15
30.20
29.15
29.43
28.25
30.19
31.83
31.60
