24.74
25.65
26.26
26.21
27.25
26.47
26.82
26.30
25.31
25.52
25.95
25.18
25.39
25.95
25.95
26.21
26.47
26.73
26.65
27.08
26.99
26.97
26.83
27.04
26.82
27.04
27.77
29.07
30.13
30.41
31.41
31.06
33.34
32.92
32.64
32.11
31.58
30.84
30.31
31.07
31.21
31.20
31.15
30.55
29.91
29.85
30.38
29.38
30.10
31.25
31.47
31.25
30.55
29.29
30.37
29.38
29.31
30.02
29.13
29.71
29.71
29.58
32.03
32.17
32.89
32.71
31.64
32.35
32.67
33.16
33.70
34.23
34.95
36.04
34.82
33.16
32.44
33.88
33.79
35.58
35.18
33.88
32.44
33.34
32.80
33.52
33.16
32.08
32.28
31.37
31.47
30.56
30.74
31.01
29.96
29.13
28.51
29.31
29.13
29.17
