9.23
9.10
9.08
8.81
9.00
8.98
8.80
9.15
8.86
8.95
8.92
8.78
8.83
8.92
8.80
8.73
8.86
9.05
8.79
8.70
8.43
8.51
8.27
8.72
8.87
8.96
9.10
9.10
9.29
9.18
9.76
9.71
9.79
9.71
9.62
9.27
9.28
9.32
9.37
9.75
9.73
9.65
9.36
9.52
9.62
9.40
9.58
9.38
9.25
9.40
9.45
9.36
9.46
9.32
9.40
9.18
9.10
9.10
8.65
8.74
8.83
9.01
9.14
9.36
9.79
9.75
9.49
9.27
8.95
8.85
8.72
9.01
9.45
9.61
9.34
9.18
9.10
9.40
9.40
9.71
9.54
9.45
9.36
9.54
9.28
9.71
9.54
9.14
8.96
9.10
9.01
8.72
8.82
8.70
8.20
7.86
7.91
8.22
8.46
8.22
