15.03
15.63
15.80
15.75
16.00
15.83
15.90
16.00
15.57
15.40
15.70
15.28
15.65
15.66
16.13
16.59
16.15
15.63
15.30
15.20
14.91
15.00
14.75
14.70
14.20
13.31
13.60
13.64
13.70
14.60
15.00
14.90
14.81
15.06
16.20
16.66
16.82
17.95
19.98
19.50
20.99
22.20
22.00
21.40
20.35
18.80
19.80
20.98
20.50
21.60
20.76
19.96
19.55
19.38
20.42
20.91
20.40
20.41
18.48
14.90
13.77
14.91
15.73
16.00
16.69
17.15
16.41
16.70
16.75
16.62
16.37
15.50
16.11
16.66
17.00
17.50
17.00
17.12
17.00
16.02
16.15
16.76
16.85
16.50
16.30
16.07
16.05
15.69
15.97
15.77
15.90
14.99
14.60
14.40
14.30
13.70
13.00
14.18
14.10
13.70
