6.82
6.81
7.03
7.33
7.71
7.72
7.80
8.19
7.81
7.72
7.81
7.62
7.41
7.96
8.11
8.04
8.27
8.79
8.60
8.38
8.30
8.11
7.93
8.11
8.11
8.08
8.18
8.20
8.27
8.55
8.63
8.70
9.12
9.18
9.09
8.99
9.13
9.04
8.93
8.89
8.93
8.89
8.84
8.45
8.20
7.94
8.14
8.53
8.84
8.94
9.11
9.04
9.39
9.24
9.53
9.81
9.68
9.53
9.19
9.19
9.29
9.04
9.14
9.34
9.19
9.14
8.79
8.79
8.45
8.35
8.65
8.87
9.08
8.99
8.88
8.72
8.69
8.69
8.48
8.59
8.77
8.67
8.59
8.58
8.79
8.60
8.45
8.40
8.10
7.95
8.05
7.81
7.90
8.01
7.84
7.80
7.71
8.10
8.58
8.25
