14.48
15.29
16.20
17.23
17.38
17.52
17.36
17.95
18.15
18.17
18.03
17.67
17.20
17.47
17.55
17.47
17.66
17.76
18.53
18.24
18.15
18.15
17.47
17.18
18.05
18.15
19.03
19.50
19.21
18.53
18.24
19.31
19.50
20.75
21.62
21.62
21.41
22.59
22.62
22.78
21.82
21.24
21.04
19.98
21.24
20.77
20.27
20.66
20.65
20.68
20.85
21.24
22.20
22.71
23.07
22.68
23.07
23.46
23.05
23.07
23.07
23.07
23.40
24.24
23.46
23.40
23.07
23.45
22.87
23.07
22.87
23.11
23.07
22.29
22.28
22.29
22.29
22.29
22.48
23.36
24.83
25.12
25.14
25.41
24.94
24.44
24.98
23.65
24.14
24.83
23.85
23.15
22.87
22.68
20.92
20.92
20.13
20.90
22.48
23.46
