8.38
8.62
8.68
8.54
8.61
8.36
8.51
8.75
8.67
8.50
8.62
8.56
8.59
8.60
8.45
8.35
8.39
8.27
8.15
8.06
7.98
8.15
8.11
8.21
8.52
8.73
8.73
8.77
8.87
8.80
8.91
9.24
9.16
9.08
8.96
9.28
9.40
9.52
9.75
9.89
9.75
9.70
9.66
9.66
9.63
9.35
9.46
9.40
9.58
9.56
9.61
9.64
9.45
9.38
9.66
9.66
9.75
10.49
10.44
10.44
10.62
10.67
10.67
10.55
10.48
10.56
10.67
10.44
10.15
10.25
10.03
10.30
10.67
11.09
11.09
10.81
10.94
11.11
10.67
10.72
10.84
10.95
11.19
11.95
12.03
11.98
11.67
11.65
11.43
11.25
11.22
11.14
10.86
10.91
10.43
10.60
10.72
10.86
11.19
11.16