62.95
59.58
61.31
58.86
58.19
56.22
59.10
59.04
58.24
57.85
59.10
56.86
56.62
59.20
58.53
57.57
58.34
63.04
64.97
65.45
65.16
62.76
64.20
62.08
63.89
61.19
61.33
62.18
64.97
63.19
62.71
64.84
65.36
67.27
67.03
67.28
69.20
68.71
67.34
66.46
62.86
63.43
61.06
59.39
59.30
56.41
52.67
54.88
55.93
59.78
58.82
58.91
60.88
59.58
60.63
57.72
58.30
56.56
55.36
55.40
54.23
56.32
56.56
58.14
59.27
60.44
59.18
61.07
58.69
57.53
67.08
68.30
68.75
70.21
74.24
72.09
72.76
77.04
74.62
75.69
73.75
74.24
78.60
78.60
80.35
80.39
79.09
76.60
76.51
74.27
73.90
70.20
66.48
68.44
67.96
69.91
67.96
68.92
68.98
69.18
