18.62
19.17
19.23
18.92
18.63
18.61
18.75
19.47
20.78
21.15
21.88
21.33
20.91
21.99
21.40
21.33
21.51
22.24
22.72
22.15
22.12
21.51
20.67
21.09
20.79
20.22
19.93
20.49
20.77
20.19
19.78
20.07
20.35
20.61
20.43
20.40
20.31
20.13
20.57
20.94
20.97
20.82
20.67
20.11
19.95
20.31
20.32
20.19
20.36
20.42
20.37
20.55
20.67
20.91
20.91
20.97
20.69
21.37
20.79
21.51
22.00
22.96
23.92
23.68
23.59
23.50
23.68
23.98
23.41
23.44
22.96
23.20
24.18
24.46
24.10
24.04
24.03
24.40
23.92
24.52
25.12
24.78
25.07
25.62
26.73
26.92
26.67
25.81
25.50
25.20
25.26
25.07
25.07
25.07
24.57
24.58
24.58
25.44
25.56
25.31
