3.69
3.86
3.95
3.93
3.95
3.95
3.88
3.87
3.77
3.80
3.85
3.86
3.85
3.97
3.88
3.83
3.88
3.99
3.90
3.94
3.89
3.89
3.83
3.91
3.84
3.83
3.88
3.88
3.88
3.76
3.77
3.94
4.20
4.07
4.03
3.97
4.11
4.25
4.51
4.62
4.40
4.45
4.45
4.38
4.35
4.29
4.29
4.19
4.33
4.42
4.44
4.38
4.35
4.24
4.26
4.24
4.23
4.36
4.40
4.40
4.40
4.39
4.50
4.54
4.50
4.33
4.31
4.27
4.16
4.25
4.17
4.08
4.30
4.68
4.64
4.69
4.70
4.91
4.86
4.91
5.07
5.23
5.37
5.39
5.39
5.50
5.36
5.09
4.93
4.99
4.88
4.61
4.40
4.61
4.69
4.63
4.36
4.72
4.82
4.68
