40.07
40.37
39.38
39.72
40.22
39.21
38.86
39.15
39.82
40.83
42.18
41.04
41.24
42.26
42.02
42.42
42.09
42.94
43.53
43.78
44.20
43.36
42.85
43.69
44.28
44.37
43.86
43.78
45.17
44.65
44.20
44.41
44.49
43.44
44.20
42.94
42.12
41.25
41.93
42.60
42.94
43.24
42.86
43.19
42.94
43.02
42.94
42.01
43.19
43.78
44.11
42.60
43.19
43.77
43.61
42.51
41.84
43.37
45.45
44.45
45.29
45.12
45.12
44.20
44.61
43.53
43.82
43.69
43.69
44.11
43.07
43.42
44.11
43.86
43.13
43.27
43.27
43.79
44.11
41.85
41.93
42.18
42.45
42.55
42.51
42.51
42.04
42.41
40.17
40.02
40.92
38.83
38.57
38.98
37.69
37.04
37.76
38.38
39.46
39.55
