16.97
17.67
18.68
19.51
19.16
18.61
18.53
18.56
18.61
18.82
19.84
19.65
19.85
19.81
19.69
19.60
19.81
20.38
21.07
20.66
20.66
20.76
20.47
21.11
21.12
20.66
20.00
18.96
18.27
18.22
18.19
18.27
19.33
18.50
17.74
17.08
16.52
17.49
18.41
19.14
19.00
19.09
18.50
17.53
17.58
17.17
17.42
17.49
18.41
18.92
19.29
19.44
19.21
19.32
20.33
19.32
19.28
19.55
18.36
19.09
19.72
18.83
18.35
18.91
18.40
18.96
19.27
18.58
18.34
18.16
17.75
17.47
17.61
17.56
17.84
17.52
17.65
17.65
17.30
17.00
17.65
17.28
16.59
17.00
17.56
18.49
18.40
17.83
17.65
17.43
17.65
17.01
17.19
16.74
16.26
15.61
14.87
16.62
16.90
16.45
