41.72
42.83
43.39
44.96
47.28
50.80
49.41
49.78
48.39
46.54
46.44
46.26
48.76
50.71
50.06
50.62
52.75
53.03
52.10
51.36
50.99
50.89
49.87
50.15
49.78
49.41
48.86
49.87
52.29
51.73
51.27
51.54
53.77
56.27
57.94
56.55
55.72
55.07
55.62
56.55
56.36
55.81
55.44
54.14
53.12
52.56
52.84
52.19
52.29
51.45
51.45
48.76
49.13
48.21
49.23
47.37
46.82
47.46
47.09
45.80
46.26
48.21
49.97
49.04
48.21
46.44
46.82
45.05
44.31
43.94
44.41
44.31
45.42
45.42
44.31
43.85
44.22
44.96
45.70
45.72
45.43
45.92
46.11
45.04
47.38
48.26
48.55
46.70
45.92
43.67
47.77
45.72
45.92
45.92
43.08
41.62
42.20
43.87
45.23
42.99
