22.55
22.63
22.98
22.71
23.01
23.93
24.36
25.13
24.27
24.12
24.52
23.58
24.08
24.09
23.93
24.36
24.68
24.78
24.53
24.66
23.75
23.66
22.64
22.72
22.51
22.02
23.61
23.81
24.09
23.84
24.18
24.01
23.22
23.15
23.02
22.03
21.40
21.04
21.96
22.81
22.95
22.98
22.71
22.28
22.02
20.91
22.29
22.21
22.99
23.32
22.95
23.07
23.22
22.26
22.58
21.82
22.42
21.52
20.44
21.28
20.66
21.31
20.63
19.54
20.05
20.91
20.05
19.71
19.41
19.97
19.42
18.81
18.85
19.97
20.33
20.53
20.53
20.62
20.49
20.36
20.45
19.67
19.38
19.30
19.12
19.34
19.30
19.24
19.09
18.59
19.87
19.67
20.03
19.91
19.38
19.12
17.79
19.91
19.79
19.70
