16.80
17.27
17.23
17.65
18.81
19.49
19.37
19.20
18.61
19.77
20.83
21.90
21.71
22.09
21.61
21.08
21.13
20.79
20.07
20.07
21.13
20.93
20.55
20.74
19.99
20.01
19.44
19.29
19.10
18.81
18.41
18.81
18.81
19.15
19.48
19.44
19.30
19.59
19.92
20.26
20.02
20.26
19.78
20.74
20.79
20.69
20.98
20.31
20.40
20.36
20.07
20.16
20.55
20.26
20.82
20.45
20.16
19.92
20.24
20.21
19.49
18.83
19.39
19.29
19.29
18.91
19.29
18.91
18.71
18.51
18.77
18.45
18.91
19.12
19.33
19.49
19.49
19.63
19.82
18.81
18.62
18.72
18.46
18.52
18.91
18.91
19.10
19.21
18.52
17.85
18.33
18.33
18.05
18.23
18.47
17.94
18.09
18.39
18.72
18.33
