26.72
27.58
28.05
27.94
28.45
28.75
28.67
30.32
29.81
30.69
32.37
31.87
31.13
31.87
31.60
30.98
31.56
32.17
31.34
32.02
31.74
30.97
30.53
30.83
30.98
30.67
30.59
30.98
31.84
31.13
30.89
30.80
30.92
32.20
32.02
32.02
33.21
32.88
32.47
33.06
32.77
32.38
31.13
29.79
29.85
29.13
28.36
27.97
27.85
29.40
29.66
29.25
29.49
29.22
29.88
29.34
29.46
29.19
27.94
28.89
29.04
29.41
29.86
30.26
30.68
30.77
30.29
29.90
29.28
30.01
29.12
28.48
29.49
29.70
29.12
29.18
29.19
29.49
28.80
29.95
31.08
30.96
31.51
32.45
32.19
31.82
31.21
30.04
29.40
28.51
28.50
28.20
27.89
28.20
26.72
27.11
26.86
28.82
29.90
28.96
