39.36
40.74
41.58
41.58
41.58
40.74
41.05
41.53
41.68
40.74
40.85
40.16
39.26
40.99
40.94
40.35
40.21
41.63
41.19
41.84
41.28
41.58
40.54
38.92
39.71
39.13
38.27
38.14
39.21
38.74
38.37
40.10
41.34
41.58
42.82
41.39
41.78
43.76
44.55
47.52
46.04
46.49
46.40
44.03
45.79
44.06
44.55
46.19
46.48
47.52
46.97
47.52
48.94
48.07
48.61
48.34
47.54
46.53
46.04
46.78
46.78
44.76
44.08
43.57
44.06
44.36
44.41
43.32
42.82
42.33
42.57
42.95
43.07
43.06
42.72
41.73
41.63
41.53
40.10
40.23
40.38
41.18
42.38
43.37
43.12
42.63
43.00
42.88
40.94
39.88
40.58
40.38
39.88
40.28
38.64
38.71
37.74
39.39
40.08
39.04
