26.93
27.67
28.46
28.27
29.27
29.08
29.12
29.51
29.37
29.56
29.75
29.65
29.20
30.61
30.42
30.00
30.56
31.52
31.04
31.16
32.09
32.76
32.00
30.95
31.38
30.62
31.05
32.00
32.72
32.48
32.08
32.63
34.30
33.77
34.39
33.77
33.34
32.96
32.82
33.88
33.40
33.57
32.74
32.16
31.43
30.46
31.24
32.50
33.16
33.46
33.44
33.56
33.47
32.64
33.95
33.32
33.53
32.59
31.91
31.81
31.66
30.95
32.24
32.80
33.13
33.00
32.48
31.54
31.10
30.69
30.48
30.79
31.25
31.81
31.54
31.30
31.39
32.17
31.54
31.83
33.14
33.39
33.85
34.78
35.65
35.74
34.84
33.78
34.04
32.43
32.76
32.19
31.60
30.99
29.52
29.23
28.89
30.39
31.65
31.19
