32.23
33.63
34.44
34.14
34.63
34.53
34.30
35.34
35.20
35.68
36.34
36.44
35.63
37.10
36.87
37.00
38.92
39.76
40.02
41.68
41.44
41.58
40.17
39.50
39.26
38.12
37.84
38.76
40.10
38.83
38.67
39.41
42.27
42.03
41.43
42.98
41.84
40.41
41.74
43.48
43.14
42.90
41.59
40.40
39.28
38.20
38.97
39.28
39.97
40.62
41.17
41.36
41.07
39.88
40.31
39.88
39.52
38.70
37.67
38.06
37.43
37.10
37.82
38.03
38.37
38.37
37.91
36.97
36.22
36.07
35.92
35.89
36.63
38.05
39.25
38.84
38.50
38.91
38.55
38.12
38.17
38.38
38.57
38.83
39.32
39.09
38.81
38.43
38.04
37.13
36.99
36.89
36.03
35.93
35.46
35.36
34.59
35.70
35.71
35.70
