17.87
19.20
19.22
19.13
18.78
18.70
18.56
19.14
18.70
19.18
19.69
19.58
19.47
20.07
20.25
19.85
20.16
20.34
19.52
19.27
18.69
18.91
18.09
18.34
18.04
18.16
17.89
18.11
19.05
18.70
19.67
20.12
21.23
21.54
22.03
20.92
21.67
21.45
20.76
21.23
20.69
20.65
20.07
19.67
19.36
19.14
20.07
19.67
21.01
21.21
21.58
21.92
22.43
22.43
23.36
22.64
22.10
21.41
20.04
21.41
21.34
21.34
21.78
21.92
22.88
24.48
24.25
22.97
22.85
24.03
23.20
22.56
23.36
23.74
23.59
23.72
24.25
25.19
24.56
25.61
25.22
24.28
23.88
24.54
24.10
23.84
23.91
22.90
22.67
22.39
22.90
21.73
21.64
20.84
19.24
19.12
18.46
20.10
21.24
20.55
