9.91
10.20
10.30
10.70
11.20
11.00
10.75
11.08
11.28
11.44
11.37
11.24
11.19
11.49
11.79
11.96
12.19
12.48
12.39
12.06
11.88
11.72
11.69
11.47
11.39
11.25
11.49
11.59
12.24
12.71
13.27
12.63
12.54
11.89
12.09
12.09
11.89
11.59
11.54
12.21
12.38
13.28
12.98
12.55
12.68
12.28
12.24
12.28
12.28
12.33
13.18
12.78
13.08
13.13
13.57
14.02
13.86
13.77
13.62
13.47
13.57
13.32
13.32
13.11
13.12
13.17
13.12
13.22
13.18
13.07
13.22
13.21
13.22
13.05
13.02
12.92
12.83
13.42
13.32
13.12
13.27
14.16
14.91
15.46
15.41
15.26
15.90
16.41
15.66
14.91
15.21
15.01
15.06
14.96
14.51
14.40
13.80
14.32
14.61
14.91