36.82;38.09;36.73;38.09
38.32;39.33;38.3;39.29
39.29;39.59;39.06;39.48
39.01;39.77;39.01;39.4
39.54;40.89;39.54;40.85
40.69;41.3;40.36;40.84
40.65;41.25;40.45;40.91
41.25;42.45;41.21;42.3
42.29;43.59;41.9;42.65
42.85;43.24;42.16;42.6
42.61;43.79;42.61;43.45
43.19;44.01;42.25;42.8
42.2;42.65;41.72;42.38
43.5;43.98;43.2;43.7
43.41;44.28;43.41;44.25
44;44.75;43.8;44.7
44.95;46.08;44.95;45.55
45.25;45.61;44.77;45.5
46.3;46.4;44.87;44.99
45.2;46.4;44.8;46.33
46.3;47;45.95;47
47;47.3;46.5;46.75
46.5;46.8;43.8;44.7
45.12;45.45;43.51;44.19
44.39;45.45;44.3;45.35
45.15;45.3;43.35;43.38
43.5;43.5;42.11;42.53
43.1;43.45;42.04;42.2
43.49;43.49;41.01;41.36
41.29;42.16;40.7;40.8
41;41.44;40.12;40.9
41;42;40.81;41.15
41.7;43.3;41.28;43.12
44.05;44.85;43.45;44
44.6;45.44;43.88;44.71
45.3;45.68;44.06;44.06
44.12;44.7;42.9;43.55
43.3;44.05;42.82;43.99
44.5;45.01;44.11;44.75
43.45;45.2;43.44;45.13
45.15;45.46;44.72;45.2
45.01;45.6;44.53;45.5
45.6;45.62;44.25;44.25
43.9;43.9;42.1;42.35
41.95;42.7;40.62;42.08
42.65;43.2;40.7;40.9
41.16;41.94;40.62;41.21
41.45;42.15;41.15;41.68
41.4;43.52;40.9;43.52
43.6;44.5;43.33;44.07
44.16;44.4;43.12;43.7
43.4;43.9;42.55;42.8
42.99;43.85;42.91;43.45
43.15;43.6;42.61;42.77
42.55;43.1;41.75;42.07
42.5;42.88;41.85;42.4
42.46;42.83;42.26;42.45
41.94;42.67;41.85;42.6
42.25;42.85;41.72;41.72
42.02;43.15;41.93;42.91
43.05;43.47;43.03;43.15
43.23;43.26;42.52;43.14
43.31;44.37;42.95;44.25
43.97;44;43.22;43.29
43.45;44.1;42.95;44.1
44.3;44.49;43.87;44.4
44.45;44.45;43.63;43.83
43.79;44.25;43.44;43.9
44.2;44.39;43.29;43.45
43.53;43.75;42.93;43.4
43.3;43.5;42.9;43.35
43.39;44.07;43.39;44.03
44.4;46.11;44.4;46.11
46.53;46.8;45.81;46.69
46.4;47.09;45.76;46.31
47;47.1;46;46
46.15;46.49;45.55;45.99
45.99;46.97;45.63;46.35
45.8;46.3;45;45.4
45.48;46.59;45.48;46.23
45.6;47.1;45.6;47.05
47.01;47.01;45.92;46.95
46.7;47.4;46.31;46.5
46.41;47.6;46.41;47.48
47.1;47.7;46.85;47.56
47.36;48.23;47.36;48.15
48;48.1;47.52;47.96
48.19;48.39;47.32;47.36
46.65;47.2;46.5;46.9
46.5;46.99;44.8;45.7
46.25;46.59;45.21;46
45.45;46.15;44.01;44.65
44.99;44.99;43.31;43.49
44.06;44.3;42.22;43.28
42.01;43.2;41.2;42.99
43.41;44.5;42.5;42.5
42.7;43.4;41.76;42.9
43.46;43.64;42.6;43.43
44;45.1;43.55;45
45;45.5;44.6;44.75
