31.80
32.97
33.36
33.25
32.70
32.90
32.00
32.56
33.00
32.55
32.90
33.21
33.70
34.50
34.20
34.10
33.05
33.30
33.01
33.20
33.20
33.80
32.01
33.14
32.81
32.35
32.75
32.14
32.00
32.00
32.58
33.25
34.99
36.50
35.29
37.00
36.00
33.15
34.50
35.60
35.88
34.90
36.11
36.30
36.25
36.38
35.79
36.10
35.88
35.85
36.60
37.40
38.00
38.30
38.00
37.50
37.48
39.00
38.45
38.70
39.20
38.00
36.10
37.20
37.11
36.89
36.99
38.00
37.00
37.30
37.79
37.00
37.05
37.00
37.19
35.03
35.02
35.35
34.89
36.25
36.28
36.50
36.78
36.80
38.65
37.73
37.10
39.00
39.05
39.40
38.70
38.00
37.00
35.51
34.49
34.81
34.71
35.50
36.00
35.20
