33.10
33.71
34.83
35.65
35.42
35.19
36.58
38.89
41.73
42.43
41.58
40.74
40.34
42.60
43.34
42.87
43.53
44.68
47.23
50.10
49.08
48.52
45.37
43.15
40.57
40.93
42.69
42.69
43.52
42.87
42.70
42.59
42.98
41.91
42.14
41.90
41.07
42.23
44.89
48.17
49.96
49.36
46.26
44.82
45.60
43.98
44.91
44.86
45.37
45.48
46.30
45.47
46.35
44.82
46.30
44.92
45.46
44.91
42.59
44.14
44.33
44.99
46.91
48.00
47.53
46.96
45.65
45.08
43.67
43.86
43.76
45.09
44.14
45.26
46.39
45.31
45.82
45.34
43.91
44.23
46.30
46.02
46.02
46.96
46.58
47.90
47.25
46.96
48.84
47.80
47.05
46.49
46.96
47.99
45.27
46.02
43.47
42.68
43.20
42.36
