32.10
32.71
33.47
32.41
32.41
32.47
31.86
33.02
33.08
32.86
33.26
33.48
32.80
33.45
34.53
35.50
37.23
38.95
39.74
42.53
43.81
43.62
41.09
40.53
39.99
38.50
39.20
39.68
40.29
38.17
38.35
40.47
43.07
43.98
45.31
43.86
43.56
43.01
42.41
44.53
45.37
45.43
43.31
41.92
43.50
41.72
43.52
43.56
45.44
46.65
45.42
45.10
45.53
44.79
45.29
44.36
44.66
46.83
45.41
47.02
48.07
49.58
51.09
50.72
49.92
50.79
49.80
48.44
47.39
48.50
47.39
47.02
49.43
48.93
47.58
47.26
47.57
48.73
47.45
49.12
50.17
51.40
52.64
53.75
54.18
52.58
51.16
49.57
48.75
48.13
50.11
48.13
47.63
46.96
43.38
43.80
42.82
47.14
49.35
49.58
