16.02
16.47
16.47
16.62
16.32
15.72
15.72
16.17
16.17
16.62
16.62
16.32
16.32
16.62
16.62
17.22
18.12
18.87
18.12
17.67
17.37
17.22
17.37
17.22
17.22
16.62
16.62
17.52
17.52
16.62
16.92
16.92
17.22
17.52
16.92
16.62
16.92
17.07
16.92
17.22
17.52
17.37
16.92
16.62
16.77
16.32
16.62
16.17
16.47
16.77
16.77
16.77
16.62
16.02
16.92
16.62
16.47
16.02
14.82
15.72
16.17
16.47
16.62
16.77
16.77
16.92
16.77
17.22
17.07
17.22
17.07
16.77
17.22
17.37
17.67
18.72
18.27
18.42
18.42
18.87
19.02
19.02
18.87
18.87
18.72
18.72
19.32
19.17
18.72
18.57
18.42
17.37
17.67
17.98
17.23
16.48
16.18
17.98
18.58
17.98
