37.70
38.73
38.85
38.62
38.66
38.43
37.96
38.58
38.28
38.01
38.41
37.34
37.03
37.35
37.52
37.51
37.78
37.90
36.90
36.47
36.42
36.25
35.37
35.68
35.44
35.87
35.27
35.16
35.06
34.54
35.49
35.12
36.75
36.84
37.03
36.56
37.18
37.78
37.82
38.20
37.82
37.82
37.40
37.54
36.71
35.32
35.47
34.97
35.18
35.23
35.27
35.26
35.15
34.74
34.98
35.12
35.09
34.36
33.39
33.85
33.67
33.69
34.19
34.37
34.25
33.85
33.39
33.42
33.34
34.84
34.08
36.01
36.06
36.20
35.26
34.84
34.52
36.69
36.25
36.79
35.96
36.49
36.51
37.23
36.79
37.66
37.95
35.62
34.88
34.06
33.72
32.31
31.14
32.12
30.66
30.66
29.64
30.76
31.14
31.14
