12.24
12.51
14.20
14.63
15.20
15.78
15.31
15.48
15.63
15.78
16.01
15.90
16.09
17.02
16.82
16.78
16.68
16.41
15.80
15.71
15.95
17.00
17.86
17.27
17.38
16.83
16.50
16.86
17.12
16.81
17.86
17.75
18.02
17.87
17.27
16.42
16.13
16.07
16.42
16.77
16.58
16.73
16.42
16.16
16.39
16.13
16.78
17.14
17.29
17.40
17.40
17.29
17.11
16.99
17.55
16.76
16.91
16.11
15.06
15.43
15.52
16.85
16.75
16.64
16.09
16.15
16.58
16.09
16.09
16.12
15.79
15.82
16.38
16.98
17.67
17.64
17.79
18.44
18.31
18.73
18.47
18.38
18.54
18.38
18.99
19.13
19.92
19.84
19.92
19.77
20.63
19.84
18.84
18.13
16.68
16.00
15.25
17.60
19.15
18.25
