21.58
21.58
21.58
21.58
21.58
21.58
21.58
21.58
22.29
22.29
22.29
22.29
25.41
25.41
25.41
25.41
25.41
25.41
25.41
25.41
29.51
29.51
29.51
29.34
28.19
26.97
26.97
26.97
26.97
26.97
26.97
26.32
26.32
26.32
26.32
26.32
26.32
26.32
26.32
26.32
26.32
26.32
25.33
24.67
23.68
23.36
23.36
23.36
23.36
23.36
23.36
23.36
23.36
23.36
23.36
23.36
23.36
23.36
23.36
23.36
23.36
23.36
23.36
23.36
23.36
23.05
23.05
23.05
23.05
24.49
24.17
24.43
25.41
24.67
23.69
23.39
22.69
21.81
20.97
20.33
21.66
22.49
22.70
23.78
23.79
22.60
23.69
22.02
22.40
21.37
21.81
21.70
21.71
20.93
20.38
19.00
17.96
19.15
20.10
21.32
