26.80
27.37
27.71
26.83
27.27
26.69
26.72
26.86
26.89
27.41
27.51
27.48
27.42
27.80
27.22
26.74
26.84
26.41
26.70
26.45
26.45
26.17
26.65
26.45
26.95
27.37
27.61
27.71
28.72
27.90
28.28
28.57
28.47
28.96
29.15
30.01
29.34
29.81
31.26
31.46
30.78
31.46
30.98
30.78
30.83
29.63
30.08
29.18
29.58
30.16
30.78
30.30
30.54
30.11
29.87
30.12
30.98
32.56
32.52
32.73
33.00
33.68
33.47
32.67
31.94
32.23
32.37
31.94
31.27
31.41
31.30
31.30
32.24
33.47
33.16
32.82
32.80
33.09
32.32
32.47
32.61
32.90
33.56
35.17
34.64
34.62
33.77
33.62
32.61
31.70
31.75
30.78
30.06
30.64
29.63
30.08
30.64
31.74
32.21
31.70
