19.17
18.91
20.01
21.50
21.96
23.27
22.52
22.86
22.25
22.34
22.14
21.59
21.31
21.59
21.92
21.96
21.87
21.98
22.52
22.24
21.69
22.18
22.89
22.99
22.64
22.99
23.06
24.19
23.73
22.80
21.95
21.78
22.00
22.24
23.27
23.08
23.14
23.27
23.08
23.21
23.54
24.00
23.98
22.94
22.92
22.14
22.34
22.37
22.50
22.46
22.31
23.11
23.30
23.42
23.03
23.51
23.47
23.51
22.10
22.89
23.70
24.36
26.35
25.93
25.69
25.12
24.08
24.50
24.31
23.98
23.03
22.38
22.27
22.37
22.27
21.80
22.88
24.08
24.07
25.31
25.59
25.51
25.64
25.83
26.21
26.30
26.78
26.35
26.07
24.58
25.21
25.21
23.71
24.09
21.98
21.66
21.42
22.75
23.70
23.38
