2.64
2.82
2.77
2.81
2.91
2.96
3.19
3.26
3.25
3.35
3.40
3.18
2.91
3.18
3.25
3.20
3.31
3.33
24.70
24.20
23.00
23.02
24.00
24.70
24.80
24.95
25.20
24.99
25.99
25.55
25.00
24.70
26.00
27.00
27.99
28.90
29.00
28.40
28.30
29.45
29.08
28.12
28.50
27.49
27.00
25.64
25.95
24.95
24.30
25.00
25.00
25.75
25.75
25.69
26.98
26.15
26.00
25.80
24.80
25.00
24.75
25.90
26.99
27.74
28.65
27.79
27.60
26.49
26.40
25.15
24.93
24.65
25.00
24.10
25.35
24.80
24.59
23.60
22.39
22.00
23.18
24.30
24.20
25.00
26.10
27.11
27.05
26.20
27.50
26.50
25.40
24.90
24.50
24.40
22.40
21.48
19.00
18.80
20.45
19.60
