14.96
15.59
15.84
15.84
17.06
17.06
16.57
17.53
16.57
17.01
17.64
17.15
16.57
17.66
17.30
17.25
17.29
17.29
17.47
16.91
17.06
17.54
17.30
17.79
17.76
17.69
18.03
17.78
17.69
17.71
18.50
18.84
18.70
18.20
17.96
18.20
18.84
18.79
18.94
19.09
19.14
19.88
20.02
19.58
19.14
19.04
19.12
19.53
20.16
21.40
21.65
21.28
21.48
21.06
21.16
21.12
21.16
20.91
19.68
20.30
20.66
20.66
20.79
21.40
22.39
23.02
22.19
22.14
21.40
23.12
22.53
22.71
22.93
23.37
22.78
22.62
22.14
21.65
21.40
22.63
22.93
23.42
24.94
25.09
25.49
24.94
24.60
23.11
22.14
21.64
21.80
21.55
20.66
20.86
19.28
18.20
17.70
19.19
20.66
20.37
