22.92
23.05
23.84
23.82
23.98
23.66
23.66
24.88
25.30
25.72
25.81
25.55
25.61
25.58
25.81
25.51
26.14
26.13
25.94
26.39
26.35
26.14
25.72
25.53
25.34
25.22
25.02
25.28
25.81
26.14
25.72
25.22
24.58
25.63
25.57
25.01
25.55
26.08
26.99
28.08
27.66
28.00
26.94
26.35
25.89
25.49
25.55
25.55
26.16
26.44
26.14
25.99
26.40
26.14
26.57
26.57
26.32
26.35
26.67
26.48
26.31
25.64
25.62
26.65
27.31
27.09
27.18
27.27
26.66
27.00
26.83
26.66
27.14
26.57
26.75
26.82
26.79
26.53
25.36
25.64
26.18
26.97
27.01
27.91
28.56
29.12
29.61
28.74
28.44
27.80
27.44
26.88
26.83
27.01
25.10
24.50
24.24
25.19
25.20
25.53
