14.10
14.77
15.19
15.07
15.46
15.54
14.88
15.19
15.14
15.35
16.04
15.47
15.40
16.35
15.93
15.89
16.55
17.20
16.98
17.57
17.57
17.64
16.98
16.74
16.68
16.18
16.32
16.61
16.65
16.16
16.27
16.46
17.27
17.22
17.45
17.45
17.55
17.83
17.55
17.80
17.57
17.74
17.05
16.46
16.61
15.80
15.95
15.95
16.23
16.66
16.98
17.17
17.27
16.51
16.61
16.58
16.42
16.37
15.50
15.66
15.52
15.04
15.47
15.66
15.85
15.83
15.66
15.52
14.93
14.98
14.86
14.77
15.56
15.77
16.03
15.75
15.79
16.01
15.68
15.56
16.22
16.08
16.10
16.50
16.57
16.81
16.55
16.31
15.98
15.32
15.37
15.04
14.65
14.80
14.05
14.28
14.05
14.54
14.54
14.56
