8.99
9.73
10.50
10.74
11.46
11.35
11.05
11.75
11.40
11.30
11.66
11.29
11.05
11.16
10.91
10.70
10.80
11.05
11.05
10.90
10.75
11.10
11.14
11.05
11.04
11.30
11.53
11.65
11.65
11.26
11.17
11.24
11.79
11.58
11.15
10.85
10.75
10.30
10.90
10.83
10.89
11.17
10.75
10.35
10.45
10.44
10.30
9.88
9.94
10.15
10.11
9.92
9.74
9.44
9.63
9.33
9.33
9.04
8.70
8.83
9.09
9.27
9.52
9.91
9.62
9.49
9.54
9.19
8.79
8.69
8.56
8.49
8.60
8.84
9.35
9.18
9.14
8.95
8.61
8.68
8.43
8.71
8.14
7.56
7.18
7.28
7.06
6.84
6.39
6.43
6.69
6.46
7.22
6.68
6.44
6.03
6.08
6.37
6.97
6.53

