13.81
14.43
14.68
14.83
14.97
14.87
14.91
15.18
15.35
15.64
15.88
15.82
15.70
16.34
15.89
15.70
16.61
17.93
17.30
17.79
17.69
17.59
17.06
17.00
17.43
16.82
16.79
17.07
16.76
16.10
16.31
17.00
16.85
16.37
16.11
16.29
16.48
16.46
16.81
16.80
16.65
16.83
16.65
16.23
15.82
15.25
15.35
15.58
15.80
16.06
16.09
16.03
16.00
15.77
15.70
15.67
15.95
16.58
16.53
16.88
17.10
17.24
17.43
17.33
17.19
17.64
17.65
17.34
17.18
17.19
17.33
17.59
18.20
18.18
18.04
18.30
18.30
19.60
19.22
19.66
21.11
20.56
20.73
21.16
21.04
21.40
21.28
20.87
20.73
20.10
19.48
19.00
18.85
18.64
18.16
17.91
17.80
18.34
18.99
18.67
