6.11
6.38
6.52
6.75
7.23
6.97
6.70
6.58
6.66
6.41
6.52
6.31
6.47
6.60
6.52
6.52
6.54
6.77
6.66
6.78
7.04
7.23
7.13
7.10
6.50
6.15
6.32
6.56
6.32
6.05
5.99
6.05
6.26
6.17
6.06
5.92
5.98
6.29
6.51
6.36
6.12
5.98
5.65
5.43
5.47
5.50
5.82
5.75
5.75
6.10
6.14
5.84
5.78
5.50
5.42
5.42
5.44
5.45
5.40
5.64
5.79
5.62
5.81
6.17
6.30
6.18
6.31
6.30
6.25
5.93
5.80
6.11
6.31
6.13
6.05
6.04
5.81
5.74
5.67
5.42
5.67
5.75
5.86
5.94
5.89
5.96
5.95
5.67
5.57
5.25
5.45
5.40
5.38
5.43
5.34
5.39
5.33
5.67
5.66
5.53
