22.39
23.11
24.86
26.67
25.09
25.43
24.53
26.07
27.90
27.00
27.92
27.09
27.00
28.81
29.43
30.88
32.07
32.13
31.69
31.14
29.38
30.62
31.93
32.72
35.23
33.45
32.79
34.24
35.72
37.86
39.18
36.22
36.21
34.90
34.16
33.91
35.06
35.65
37.39
38.19
37.22
36.94
36.58
35.72
34.65
34.50
35.56
36.21
35.85
36.21
37.68
37.76
40.51
42.62
41.65
44.44
47.11
48.72
45.43
47.08
48.03
48.86
50.73
52.18
53.83
53.66
49.45
47.41
44.28
46.58
46.42
45.93
47.41
50.07
51.03
53.50
53.83
52.84
52.67
52.87
52.67
52.51
53.66
58.77
59.42
58.27
57.58
58.60
56.96
52.02
52.67
50.54
47.44
48.36
43.79
41.81
39.18
44.12
47.75
48.79
