13.62
13.84
13.88
13.80
13.88
14.76
14.64
15.19
14.75
15.61
15.84
15.01
14.25
14.62
14.64
14.62
14.95
15.16
15.19
15.10
14.32
14.32
14.23
14.25
13.93
13.88
13.67
14.19
14.51
14.10
13.97
13.88
14.97
15.62
15.84
16.71
17.36
18.13
16.93
17.09
17.13
17.36
17.35
16.73
16.97
17.36
17.79
17.75
17.31
17.14
17.10
16.92
17.44
17.79
17.96
17.79
17.36
17.76
16.73
16.92
16.49
16.73
17.10
17.07
16.60
16.23
16.88
16.47
15.93
15.81
15.52
14.86
15.30
16.17
16.26
15.39
14.99
15.47
15.54
15.52
15.25
15.52
15.89
16.87
17.24
17.40
17.40
17.05
17.05
15.57
15.42
14.47
14.10
13.99
12.74
12.81
11.69
12.35
13.11
12.96
