6.42
6.63
6.81
6.68
6.85
6.81
6.81
6.93
6.87
6.93
6.97
6.84
6.85
7.15
7.24
7.19
7.45
7.70
7.58
7.62
7.75
7.89
7.62
7.58
7.75
7.51
7.49
7.75
7.99
8.01
7.96
8.01
8.18
8.11
8.27
7.93
7.87
7.86
7.97
8.10
8.23
8.18
8.06
7.86
7.83
7.53
7.80
7.87
8.16
8.13
8.35
8.38
8.50
8.18
8.56
8.24
8.22
8.20
7.86
8.04
8.05
8.08
8.50
8.65
8.50
8.61
8.48
8.19
7.94
7.96
7.84
7.86
7.96
8.05
8.03
7.94
7.99
8.05
8.08
8.25
8.55
8.70
8.96
9.05
9.25
9.22
8.99
8.75
8.64
8.42
8.49
8.18
8.15
7.99
7.83
7.65
7.32
7.79
8.04
7.94
