43.63
44.12
44.32
43.63
44.27
43.93
44.41
46.87
47.55
49.02
49.02
49.51
48.97
48.82
47.53
45.89
45.84
48.83
52.70
52.45
51.96
50.00
49.98
49.22
49.61
48.04
47.65
46.57
48.92
47.55
47.06
47.37
49.02
49.01
48.93
47.55
47.25
46.26
47.21
49.22
49.03
48.83
47.55
43.96
42.63
41.64
40.36
40.46
39.53
41.74
41.99
41.25
42.22
42.33
43.11
42.82
42.73
42.32
41.05
41.25
39.87
40.56
40.81
41.35
42.13
42.14
42.33
44.69
44.20
43.81
49.03
48.88
51.68
54.34
57.30
55.62
54.92
56.11
53.16
53.06
53.17
52.87
56.31
56.90
57.79
56.71
55.38
53.26
52.96
51.98
51.19
50.01
49.12
46.96
46.27
48.24
47.25
49.72
51.68
51.59
