27.42
27.61
27.80
27.61
27.42
28.18
27.61
27.99
27.99
29.70
30.27
29.89
29.89
32.18
31.61
31.99
33.51
33.13
32.37
32.18
31.42
31.23
30.27
31.23
31.42
30.47
30.66
30.27
31.04
31.61
32.94
33.32
33.13
33.51
32.75
32.18
32.56
31.99
31.99
32.37
33.32
35.23
34.84
33.70
32.75
32.18
33.51
32.37
33.51
35.42
35.61
34.84
34.46
33.51
34.46
33.70
33.51
33.70
32.56
33.51
33.32
32.94
32.94
33.13
33.13
32.75
32.56
31.80
30.85
31.99
31.80
31.04
31.80
32.37
31.99
32.37
31.42
31.42
31.61
32.03
32.80
32.99
32.41
32.60
31.65
31.26
31.45
31.07
30.30
30.49
30.11
29.34
30.69
29.92
29.34
28.58
27.04
28.00
29.15
28.77
