21.63
21.74
21.41
20.84
20.84
20.42
19.83
20.67
20.92
21.05
21.17
20.84
21.09
22.18
22.10
22.85
23.36
22.94
22.43
22.01
21.55
21.84
21.30
22.11
22.01
21.30
21.43
21.59
22.68
22.85
22.85
22.60
23.06
22.94
23.19
22.89
23.39
23.52
23.27
24.45
25.63
26.47
26.30
26.38
26.13
25.67
26.30
25.98
26.47
27.05
27.14
26.05
26.00
25.71
25.72
25.21
25.46
25.25
24.78
25.33
25.37
25.54
24.95
25.12
25.20
24.78
23.90
23.69
24.03
24.62
24.70
24.13
24.87
24.11
24.03
23.52
23.98
25.21
24.89
25.45
24.73
25.03
24.90
25.16
24.50
24.37
24.53
23.76
23.84
24.28
25.06
23.66
23.49
23.31
22.65
22.08
22.16
23.58
24.19
23.71
