5.99
6.14
6.32
6.52
6.78
6.81
6.65
6.80
6.86
6.85
7.19
7.09
7.03
7.31
7.25
7.19
7.39
7.88
7.85
7.92
7.92
7.55
7.25
7.15
7.08
7.16
7.38
7.59
7.59
7.49
7.61
7.84
7.82
7.70
7.59
7.66
7.72
7.86
7.96
8.31
8.14
8.03
8.06
7.83
7.75
7.74
7.75
7.79
7.95
8.17
8.25
8.38
8.44
8.27
8.39
7.95
7.89
8.00
7.75
7.84
7.75
7.80
7.88
7.81
7.61
7.79
7.85
7.62
7.28
7.41
7.30
7.28
7.25
7.30
7.55
7.52
7.67
7.82
7.97
7.85
8.16
8.11
8.19
7.69
7.47
7.21
7.21
6.96
6.87
6.53
6.60
6.29
6.07
6.13
5.80
5.77
5.77
5.85
6.05
5.75
