17.95
18.11
17.97
17.90
17.50
17.01
16.85
16.76
16.53
16.48
16.66
17.26
17.97
18.42
18.51
17.88
17.29
17.39
17.60
17.15
16.68
17.29
16.55
17.11
17.54
17.34
17.29
17.15
17.39
17.11
17.88
18.50
18.75
17.75
17.44
17.74
17.92
17.78
17.87
17.94
17.51
17.69
17.64
17.64
17.64
17.32
17.44
17.25
17.25
17.33
17.25
17.00
16.91
16.60
16.66
16.51
16.61
16.38
15.70
15.68
15.80
15.80
15.38
15.58
15.54
15.33
15.24
15.21
14.75
14.75
14.61
14.28
14.35
14.36
14.61
14.85
15.04
15.14
14.76
14.55
14.67
14.79
15.13
14.55
15.24
15.39
14.94
14.44
14.36
14.85
15.02
14.75
15.24
15.04
14.35
14.11
14.11
14.53
14.94
14.70
