36.46
35.59
36.78
36.46
36.38
36.38
37.32
38.89
39.04
39.92
42.10
40.72
39.93
40.37
41.06
40.45
40.71
42.28
44.01
45.10
45.06
44.10
43.10
42.10
41.67
40.28
40.80
43.40
44.06
45.14
46.01
49.44
50.44
51.05
50.78
50.35
46.88
45.58
45.49
46.66
47.31
46.88
44.34
42.76
41.76
43.41
45.05
44.71
43.41
43.83
44.36
43.67
43.16
42.98
44.15
44.24
46.19
46.10
45.67
45.36
45.57
48.57
49.83
50.35
50.35
50.36
49.57
48.70
47.66
46.88
47.92
46.66
46.75
46.40
46.84
48.40
49.14
49.44
48.10
49.05
48.23
47.75
45.58
46.19
47.75
47.74
46.88
46.01
43.41
41.67
41.50
39.93
38.64
38.63
35.14
36.11
34.29
38.10
41.24
40.99
