20.14;
20.99
21.2
21.3
21.3
21.3
21.4
22.0
22.0
22.1
22.5
22.4
22.0
22.7
22.5
22.2
22.8
23.0
23.1
23.1
23.4
23.3
22.5
22.1
22.2
21.6
21.3
21.4
20.8
20.3
20.5
21.0
20.7
20.8
20.5
20.9
21.0
21.4
21.6
21.4
21.3
21.3
20.9
19.8
19.7
19.1
19.5
19.84
20.11
20.5
20.3
20.34
20.69
20.41
20.60
20.60
21.11
21.26
21.34
21.91
22.49
22.40
22.54
22.36
22.54
22.49
22.28
22.28
21.90
21.92
22.13
22.33
23.02
22.81
22.70
23.36
23.32
22.95
22.32
22.44
23.34
23.11
23.20
23.44
23.53
23.87
23.79
23.70
23.34
22.44
21.92
21.35
20.79
20.99
20.71
20.38
20.86
21.93
22.51
22.22