9.91;15.03;35.38;8.99
10.20;15.63;36.50;9.73
10.30;15.80;36.68;10.50
10.70;15.75;36.60;10.74
11.20;16.00;37.95;11.46
11.00;15.83;37.94;11.35
10.75;15.90;38.00;11.05
11.08;16.00;39.30;11.75
11.28;15.57;39.62;11.40
11.44;15.40;39.57;11.30
11.37;15.70;40.36;11.66
11.24;15.28;39.76;11.29
11.19;15.65;39.37;11.05
11.49;15.66;40.60;11.16
11.79;16.13;41.11;10.91
11.96;16.59;41.53;10.70
12.19;16.15;42.31;10.80
12.48;15.63;42.27;11.05
12.39;15.30;41.79;11.05
12.06;15.20;43.04;10.90
11.88;14.91;43.66;10.75
11.72;15.00;43.43;11.10
11.69;14.75;41.53;11.14
11.47;14.70;41.05;11.05
11.39;14.20;42.13;11.04
11.25;13.31;40.30;11.30
11.49;13.60;39.51;11.53
11.59;13.64;39.20;11.65
12.24;13.70;38.42;11.65
12.71;14.60;37.90;11.26
13.27;15.00;38.00;11.17
12.63;14.90;38.23;11.24
12.54;14.81;40.06;11.79
11.89;15.06;40.88;11.58
12.09;16.20;41.53;11.15
12.09;16.66;40.93;10.85
11.89;16.82;40.46;10.75
11.59;17.95;40.87;10.30
11.54;19.98;41.57;10.90
12.21;19.50;41.92;10.83
12.38;20.99;41.99;10.89
13.28;22.20;42.27;11.17
12.98;22.00;41.11;10.75
12.55;21.40;39.34;10.35
12.68;20.35;39.09;10.45
12.28;18.80;38.00;10.44
12.24;19.80;38.28;10.30
12.28;20.98;38.72;9.88
12.28;20.50;40.43;9.94
12.33;21.60;40.94;10.15
13.18;20.76;40.60;10.11
12.78;19.96;39.76;9.92
13.08;19.55;40.36;9.74
13.13;19.38;39.73;9.44
13.57;20.42;39.08;9.63
14.02;20.91;39.39;9.33
13.86;20.40;39.44;9.33
13.77;20.41;39.57;9.04
13.62;18.48;38.76;8.70
13.47;14.90;39.86;8.83
13.57;13.77;40.09;9.09
13.32;14.91;40.08;9.27
13.32;15.73;41.11;9.52
13.11;16.00;40.79;9.91
13.12;16.69;41.55;9.62
13.17;17.15;41.84;9.49
13.12;16.41;41.30;9.54
13.22;16.70;41.37;9.19
13.18;16.75;40.94;8.79
13.07;16.62;40.89;8.69
13.22;16.37;40.85;8.56
13.21;15.50;41.49;8.49
13.22;16.11;43.45;8.60
13.05;16.66;44.00;8.84
13.02;17.00;43.64;9.35
12.92;17.50;43.34;9.18
12.83;17.00;43.34;9.14
13.42;17.12;43.67;8.95
13.32;17.00;42.78;8.61
13.12;16.02;43.56;8.68
13.27;16.15;44.33;8.43
14.16;16.76;44.24;8.71
14.91;16.85;43.82;8.14
15.46;16.50;44.74;7.56
15.41;16.30;44.81;7.18
15.26;16.07;45.37;7.28
15.90;16.05;45.19;7.06
16.41;15.69;44.63;6.84
15.66;15.97;44.19;6.39
14.91;15.77;43.06;6.43
15.21;15.90;43.34;6.69
15.01;14.99;42.07;6.46
15.06;14.60;40.98;7.22
14.96;14.40;40.78;6.68
14.51;14.30;40.51;6.44
14.40;13.70;40.05;6.03
13.80;13.00;40.42;6.08
14.32;14.18;40.92;6.37
14.61;14.10;42.40;6.97
14.91;13.70;42.17;6.53
14.71;13.15;41.08;5.69
14.66;13.30;41.46;5.69
15.11;13.79;41.64;6.15
15.51;13.71;42.10;6.53
15.06;13.66;40.53;6.32
14.91;13.80;40.09;6.03
14.62;13.02;38.21;5.83
13.72;13.89;37.96;5.80
14.41;13.36;37.11;5.70
13.70;12.26;35.81;5.29
13.82;13.55;34.39;5.32
13.32;13.30;35.90;5.33
13.52;13.48;37.97;5.54
12.82;13.85;37.05;5.39
13.42;13.21;37.03;5.12
14.02;13.39;38.09;5.29
13.92;13.08;38.03;5.12
14.02;13.17;38.68;5.33
14.08;13.00;38.67;5.31
13.91;13.15;38.27;5.20
13.92;13.20;39.01;5.43
14.39;14.30;40.52;5.49
14.60;14.50;40.69;5.25
15.16;14.59;41.08;5.13
15.16;14.67;40.90;5.18
14.51;14.31;40.33;4.94
14.82;14.63;40.66;5.24
14.51;15.00;40.33;5.13
14.56;15.35;40.16;5.21
14.31;15.40;41.26;5.43
14.16;15.50;41.28;5.39
13.90;14.85;41.08;5.12
13.85;14.40;41.69;5.04
13.72;14.28;39.86;5.19
13.52;14.31;39.91;5.29
13.87;15.40;41.13;5.53
13.82;15.30;39.91;5.11
13.82;15.39;39.58;5.08
14.41;15.50;41.06;4.94
14.41;15.20;41.46;5.00
14.61;14.85;41.66;4.95
14.91;14.62;42.16;5.09
14.69;15.26;42.50;5.29
14.69;14.96;42.31;5.48
14.74;14.80;42.41;5.36
14.66;15.14;43.06;5.49
14.72;15.10;43.27;5.58
14.56;15.02;43.05;5.57
14.56;15.12;43.58;5.44
14.71;15.30;43.53;5.26
14.61;15.20;43.20;5.28
15.70;15.70;43.09;5.25
16.13;15.52;42.78;5.30
15.85;15.39;41.75;5.39
16.71;16.30;42.59;5.74
17.70;16.49;42.68;6.23
17.49;16.66;41.79;6.00
17.60;16.11;42.30;6.08
17.33;15.50;41.79;6.13
16.76;15.00;41.70;6.08
16.50;14.92;40.38;5.97
16.45;15.40;40.80;6.07
17.05;16.09;41.37;6.11
17.79;15.69;41.13;6.39
17.79;15.60;40.66;6.52
18.04;15.88;40.61;6.64
17.89;15.73;40.52;6.70
17.31;16.60;41.35;6.97
17.94;16.54;41.62;6.58
17.29;17.19;41.09;6.48
17.30;17.26;39.92;6.21
17.54;17.54;38.82;6.44
17.30;17.00;37.28;6.68
17.64;16.51;37.31;6.97
17.77;16.70;38.36;6.82
17.44;16.60;37.25;6.67
17.64;16.77;36.98;6.66
17.99;16.98;38.30;6.68
17.49;16.45;37.51;6.58
16.76;15.75;36.44;6.39
16.10;15.10;36.43;6.33
16.10;15.90;35.94;6.25
16.10;16.10;36.09;6.18
16.65;16.59;36.84;6.36
16.90;16.00;37.79;6.28
16.90;15.98;38.26;6.82
16.80;15.80;38.25;6.67
17.39;16.39;38.17;6.85
17.20;16.60;36.56;6.68
17.20;17.35;37.79;7.06
17.13;16.91;37.79;6.92
17.05;17.10;37.88;6.74
17.73;17.52;38.49;6.68
17.48;17.77;38.73;6.73
16.70;18.32;38.33;6.61
16.94;18.37;39.25;6.82
17.39;18.12;39.67;6.98
17.25;17.70;38.95;6.92
17.38;17.30;38.62;7.20
17.55;17.32;39.38;7.03
17.35;17.30;38.73;7.01
17.37;18.50;38.56;7.11
17.43;18.30;39.48;6.86
18.24;18.36;40.80;6.73
18.54;18.35;40.80;7.08
18.44;18.30;40.57;7.63
18.19;17.93;40.05;7.31
18.59;18.40;40.52;7.34
18.82;18.97;40.95;7.58
19.28;18.80;41.68;7.93
19.86;19.10;42.54;8.35
19.47;18.71;42.24;8.29
19.48;19.05;43.08;8.33
19.88;18.20;43.12;8.23
19.63;18.40;43.75;8.29
20.18;18.40;42.54;8.56
20.43;18.62;42.98;8.58
20.13;18.90;42.25;8.40
19.88;18.95;41.97;8.33
19.53;19.43;42.86;8.78
19.38;20.10;42.88;8.96
19.77;20.00;42.64;8.99
19.55;19.66;42.74;8.88
19.13;19.10;42.38;8.53
18.84;19.99;42.60;8.35
18.98;20.23;43.99;8.45
19.03;20.29;44.21;8.28
18.84;20.67;43.70;8.03
19.43;21.93;44.51;8.16
19.58;22.08;45.00;8.06
19.63;22.95;44.96;7.99
19.73;22.30;45.11;8.04
19.53;22.80;45.51;8.38
19.68;22.91;45.44;8.68
19.88;22.60;45.23;8.70
19.88;23.32;45.15;8.58
19.98;23.01;45.55;8.79
20.38;23.02;45.58;8.65
20.31;22.94;45.73;8.45
20.66;22.82;46.07;8.68
20.37;22.43;46.74;8.55
20.56;21.80;46.60;8.39
20.48;22.03;46.47;8.48
20.87;22.35;46.87;8.51
21.62;22.88;47.75;8.66
22.04;23.01;48.04;8.72
22.27;23.80;49.11;8.78
22.55;23.70;47.41;8.49
22.01;23.56;46.39;8.25
21.95;22.16;44.97;7.75
21.97;22.56;45.36;8.09
21.70;21.80;44.31;7.75
21.10;22.65;44.05;7.84
21.75;22.70;44.01;7.79
21.95;23.25;43.95;8.03
21.99;22.74;43.70;8.03
21.85;22.56;43.03;8.00
21.99;23.00;42.89;7.98
21.90;22.90;42.20;8.01
22.55;24.00;43.98;8.08
22.77;24.38;44.05;8.10
23.40;24.70;45.46;8.10
23.80;24.25;45.85;8.04
23.10;24.50;45.27;8.04
22.90;24.34;44.07;7.93
23.00;24.90;45.08;8.12
23.00;24.98;45.63;8.08
23.25;25.15;45.50;8.63
23.10;25.33;46.05;8.48
23.00;25.78;45.76;8.62
23.00;25.30;45.03;8.51
23.40;24.60;43.72;8.31
24.00;25.34;44.39;8.82
24.60;24.96;43.61;8.77
24.40;24.35;43.08;8.53
24.87;25.00;43.87;8.55
25.19;25.15;43.56;8.73
25.85;25.60;43.07;8.64
25.90;25.25;43.16;8.73
26.99;25.25;43.13;8.70
27.29;25.60;43.86;8.68
26.34;25.52;44.23;8.38
26.33;25.27;44.40;8.22
24.40;23.11;41.47;7.54
24.35;23.65;41.74;7.88
25.00;24.10;41.23;7.73
23.50;22.80;39.97;7.48
22.60;22.05;39.11;7.29
24.15;23.29;40.60;7.68
23.51;22.80;40.16;7.48
24.05;23.40;41.23;7.54
25.30;23.80;41.38;7.57
25.10;23.23;40.79;7.73
24.24;22.00;40.14;7.33
24.20;22.43;40.25;7.38
23.95;22.10;39.87;7.30
23.36;21.71;39.15;7.10
23.70;22.05;40.01;7.24
23.99;23.15;40.96;7.29
24.94;24.39;42.15;7.77
25.25;24.25;42.74;7.52
25.39;24.54;42.91;7.53
25.00;24.95;43.42;7.33
24.31;25.00;42.99;7.14
23.94;24.04;42.83;7.24
24.30;24.60;44.88;7.18
24.98;24.50;44.92;7.16
24.90;24.50;44.80;7.34
25.25;25.00;44.57;7.47
25.50;25.39;45.14;7.48
25.54;25.95;45.33;7.34
25.78;25.60;45.19;7.23
25.69;25.20;45.87;7.35
25.40;24.90;45.22;8.00
25.20;25.31;45.82;8.15
25.10;25.25;46.81;8.10
25.29;25.59;47.74;8.26
25.24;25.05;46.85;8.11
24.85;25.06;46.39;8.20
24.55;25.60;45.67;8.35
25.76;26.75;46.12;8.55
25.87;26.20;45.75;8.40
25.76;27.19;45.65;8.95
25.80;27.98;46.61;9.05
25.35;27.80;45.57;9.04
24.61;28.48;45.23;9.36
23.72;29.80;44.35;9.40
24.55;28.60;44.75;9.08
24.40;29.78;45.33;9.20
24.70;29.69;45.15;9.05
25.20;29.04;44.17;8.88
25.10;29.45;44.25;9.00
25.35;30.60;44.34;9.01
24.50;29.50;43.53;8.75
25.00;29.55;44.38;9.06
25.00;28.47;44.50;9.04
25.20;28.47;44.27;8.78
25.64;29.65;45.14;8.68
25.41;29.50;45.18;8.60
25.11;29.10;45.63;8.73
25.02;29.15;46.07;8.86
25.02;28.80;46.02;8.90
24.73;29.00;46.31;8.80
24.16;28.99;45.24;8.71
24.85;28.51;45.82;8.93
24.81;29.20;45.97;9.08
24.60;29.59;45.18;9.06
24.80;30.60;45.82;9.30
24.78;30.79;45.08;9.38
24.65;30.30;46.21;9.41
24.50;30.50;46.78;9.23
24.85;29.78;47.09;9.11
24.23;29.01;46.03;8.97
24.00;30.49;46.51;8.85
24.09;30.20;47.10;9.45
23.60;29.85;47.22;9.23
24.25;30.10;48.26;9.62
24.50;29.80;49.06;10.00
25.33;30.88;49.80;9.87
25.62;30.35;50.00;9.80
25.43;30.45;50.67;9.54
25.30;30.00;49.84;9.30
25.19;30.50;50.34;9.60
24.98;29.98;50.35;9.40
24.93;29.80;50.24;9.61
24.71;30.21;49.76;9.81
25.00;30.80;50.25;9.97
25.82;30.69;50.24;9.85
26.40;30.80;50.67;9.63
26.85;31.30;51.81;9.77
27.02;30.85;52.69;10.07
27.00;30.80;52.94;10.03
27.11;30.30;53.22;9.84
27.55;30.55;53.71;9.95
27.05;29.61;52.84;10.25
26.90;30.49;53.25;9.90
27.10;30.99;54.46;9.75
26.90;31.00;54.79;9.67
26.74;30.84;54.27;9.66
27.60;30.40;55.24;9.53
28.00;30.77;55.10;9.50
28.80;30.21;55.90;9.59
28.70;30.95;55.52;8.95
28.56;30.22;56.42;8.76
27.70;28.98;53.25;8.49
27.67;29.00;54.02;8.60
26.69;28.06;51.51;8.36
25.40;28.56;50.10;8.67
25.51;29.14;52.39;8.86
25.60;29.00;51.72;8.40
26.00;29.26;51.40;8.30
25.22;29.28;51.76;8.20
24.40;28.70;49.55;7.95
24.50;28.90;49.59;8.06
25.85;28.53;49.80;8.16
27.05;29.50;51.66;8.35
25.69;28.00;49.65;7.91
24.88;28.00;48.57;7.93
23.99;28.29;48.97;7.93
23.85;27.69;48.51;7.89
22.90;26.85;47.53;7.75
22.99;24.60;46.12;7.50
22.80;25.09;45.53;7.70
23.30;24.99;45.89;8.02
22.80;25.13;45.80;7.80
22.77;27.10;48.34;8.20
22.50;26.99;48.50;8.34
23.60;26.92;49.35;8.69
23.60;27.25;49.16;8.55
22.85;26.30;48.16;8.69
22.81;27.36;49.20;8.98
22.40;27.00;49.88;8.95
22.70;27.00;51.78;9.31
22.80;27.99;52.01;9.19
23.00;27.71;53.28;9.54
22.70;27.40;53.06;9.10
22.39;27.36;53.64;8.71
21.35;26.20;52.37;8.42
22.60;27.14;53.86;8.73
23.00;27.00;54.27;8.59
23.64;27.37;54.90;8.80
22.90;27.40;53.86;8.87
22.82;26.79;54.05;8.65
24.00;27.66;56.39;8.97
24.95;27.80;56.25;8.89
25.00;28.50;56.34;8.67
25.70;30.00;58.03;8.79
25.60;30.10;59.51;8.58
25.50;30.27;58.63;8.93
25.50;30.25;59.36;8.83
26.19;30.70;59.86;9.00
26.10;30.70;58.72;8.88
26.51;31.66;59.86;8.90
26.00;32.00;60.22;8.84
25.15;31.60;58.22;8.74
26.25;32.59;58.72;8.44
26.99;32.70;61.15;8.50
26.52;33.30;61.84;8.82
27.35;33.30;63.14;9.30
26.60;32.86;65.15;8.93
25.66;32.32;64.74;9.11
25.79;32.49;67.10;9.26
26.03;31.25;66.51;9.41
26.85;33.35;67.54;10.30
27.10;33.20;67.00;10.05
26.80;32.45;63.00;9.93
27.30;32.79;62.61;10.59
27.45;34.99;64.49;10.65
27.85;35.47;67.20;10.45
27.21;35.36;68.10;10.15
27.59;35.82;71.10;10.40
27.78;31.80;72.83;10.12
26.80;31.49;70.02;10.15
27.50;31.95;72.02;10.21
26.40;31.02;71.45;9.90
25.80;30.05;68.10;9.70
25.65;31.20;70.00;10.33
24.80;30.29;70.25;10.00
23.38;28.70;80.20;9.50
23.90;30.17;81.65;9.60
22.90;28.70;76.34;9.06
23.46;29.35;77.70;9.47
24.50;31.00;79.13;9.99
23.89;31.00;78.80;10.00
22.20;29.79;77.30;9.56
22.49;29.26;75.85;9.78
22.94;28.85;76.15;9.61
21.90;28.60;76.50;9.80
21.60;26.44;74.88;9.49
21.50;26.06;74.00;9.63
21.70;28.14;73.89;10.09
22.70;29.30;73.40;10.25
23.46;29.79;71.90;10.64
22.93;29.60;73.20;10.29
23.50;29.25;74.50;10.21
24.00;28.85;78.50;10.44
24.09;29.50;80.65;10.28
23.70;28.90;80.05;10.29
23.25;29.08;79.70;10.19
22.80;27.75;80.90;9.85
22.30;28.58;84.99;9.50
21.40;27.30;82.30;9.10
21.20;26.30;81.20;9.11
20.20;26.06;76.95;8.45
21.70;27.60;78.80;9.00
22.30;27.80;81.33;8.60
21.49;26.75;82.40;8.85
21.75;26.62;85.03;9.32
21.68;27.60;87.30;9.35
22.20;27.23;86.34;9.28
23.04;28.65;88.40;9.41
23.29;27.80;87.00;9.58
22.95;26.81;85.60;9.31
22.60;25.90;81.40;9.13
22.50;25.36;79.01;9.10
22.90;26.08;83.35;8.98
22.58;27.02;84.92;8.88
22.20;27.18;84.10;9.12
21.70;27.49;81.56;9.05
21.15;27.22;81.09;9.05
20.30;25.76;77.52;8.80
19.40;25.30;74.60;8.68
19.19;23.96;70.85;8.24
19.85;23.68;71.80;7.95
19.29;23.07;66.47;7.80
19.80;23.60;72.96;8.41
18.50;22.70;71.71;8.00
18.89;23.55;76.74;8.73
18.90;24.00;80.87;9.34
19.49;24.52;80.80;9.35
19.10;24.01;82.63;9.55
19.00;23.29;80.40;10.15
19.45;23.30;81.70;10.60
19.45;22.85;78.80;9.82
19.30;22.40;81.25;10.24
19.50;22.26;81.80;10.13
19.74;23.00;83.17;10.30
20.75;23.65;83.34;10.70
21.50;24.60;84.56;10.49
20.41;24.46;83.53;10.27
20.40;24.45;82.80;10.25
20.95;25.10;84.95;10.38
20.69;24.34;85.30;9.90
21.40;24.75;85.50;10.08
22.10;24.64;84.01;10.60
22.45;26.15;84.30;10.68
21.69;25.50;84.25;11.19
21.06;26.00;84.40;11.30
20.45;25.75;85.70;11.16
19.84;25.61;86.15;10.60
19.00;24.90;81.45;10.16
19.50;26.41;80.90;10.60
19.15;25.99;78.65;11.08
19.00;26.15;80.60;10.70
18.36;25.00;79.01;10.50
17.85;24.84;78.16;10.30
17.00;24.16;76.70;9.86
17.40;26.06;79.71;10.48
18.29;25.81;79.32;10.50
18.70;25.84;78.28;10.45
18.88;24.67;76.74;10.44
18.95;24.75;73.83;9.92
19.85;23.95;74.95;10.20
19.00;22.87;69.40;9.51
18.17;22.25;69.40;9.83
18.45;22.91;70.00;10.34
18.16;23.20;73.70;10.40
18.21;22.91;74.90;10.07
18.24;22.35;73.11;10.45
18.20;21.80;72.61;10.20
17.70;22.19;73.99;10.23
18.25;23.27;75.76;10.70
18.49;23.00;77.77;11.10
18.59;23.50;78.70;11.25
18.90;23.27;79.00;11.02
19.60;23.59;78.50;10.90
19.80;23.85;79.99;11.00
19.90;23.69;80.04;10.75
19.60;24.07;80.33;10.70
18.90;23.30;78.55;10.30
18.60;22.67;82.97;9.98
18.65;22.00;83.94;10.12
19.11;22.32;83.40;10.40
18.55;22.82;85.10;10.73
18.78;23.15;85.30;10.87
19.07;23.24;86.20;10.60
19.60;23.01;85.02;10.50
20.15;22.72;83.20;10.50
20.42;23.28;84.30;10.70
20.37;23.89;42.59;11.03
20.17;23.24;40.90;11.10
21.70;25.02;42.20;12.10
22.76;25.80;43.00;12.26
23.19;28.19;43.85;12.00
22.74;26.77;45.00;11.80
22.59;25.69;44.85;11.70
23.40;25.00;45.00;11.77
23.05;25.16;45.67;11.59
23.50;25.45;45.75;11.35
24.05;25.80;46.95;11.07
23.90;26.80;46.30;11.17
23.90;27.03;47.11;11.59
23.41;26.65;48.15;11.75
23.50;25.60;50.00;11.40
23.08;25.35;51.66;11.22
23.00;25.40;52.51;10.86
22.98;25.20;50.56;10.80
22.33;25.00;51.57;10.73
22.64;24.43;49.90;10.97
23.40;25.49;50.99;11.49
23.70;25.20;49.34;11.15
24.23;25.16;49.00;11.26
22.90;23.80;49.79;10.96
22.50;24.30;47.45;10.31
23.02;24.01;45.28;10.42
24.25;25.20;47.56;10.28
23.38;24.05;47.59;9.78
22.60;24.55;47.48;9.52
22.00;24.75;46.00;9.75
21.01;24.85;45.40;9.48
22.59;24.80;45.18;9.31
23.30;24.50;45.90;9.85
23.00;24.30;45.80;9.98
23.00;24.50;46.25;10.32
23.00;23.73;45.40;10.33
22.47;23.90;43.90;10.70
21.62;23.89;43.13;10.50
20.88;23.51;43.89;10.19
20.39;23.30;43.77;10.10
21.20;23.45;44.95;10.48
20.50;22.80;44.90;10.18
20.46;22.84;45.30;10.10
20.63;23.00;46.21;10.29
20.30;21.50;46.09;10.25
19.23;20.79;43.98;10.23
18.27;20.62;42.55;9.90
18.55;21.92;43.20;9.75
19.44;21.29;41.93;9.52
20.98;21.24;40.61;9.80
20.70;22.45;40.05;9.95
20.60;22.44;40.60;9.89
21.10;23.30;40.88;9.15
21.65;23.89;40.55;9.22
22.00;24.17;39.77;9.55
20.90;24.77;37.80;9.20
20.80;24.18;38.20;9.19
20.45;25.30;38.76;9.14
20.20;25.48;37.43;8.71
20.40;25.21;36.10;8.43
19.90;24.49;34.50;8.16
19.93;24.81;34.50;8.32
19.23;24.13;34.85;8.01
20.10;25.20;34.80;8.18
20.61;25.55;36.50;8.84
20.88;25.00;35.90;9.02
19.85;24.80;34.51;8.77
19.15;24.63;32.89;8.50
20.19;24.42;32.20;9.06
20.50;25.26;33.30;9.06
20.60;25.50;33.86;8.66
20.00;25.80;33.55;8.93
19.00;23.74;32.70;8.75
18.70;23.50;33.07;8.37
18.65;23.17;33.75;8.55
18.48;23.61;33.44;8.60
18.92;23.46;32.67;8.25
18.85;23.08;31.68;8.21
18.76;23.58;32.63;7.95
19.00;23.00;34.21;8.03
19.00;23.00;35.39;7.80
19.10;23.00;35.29;8.08
18.50;22.37;33.81;8.02
19.00;22.85;34.19;8.03
19.20;23.30;35.20;8.05
19.47;23.85;35.35;8.36
18.85;22.90;34.90;8.42
18.75;22.75;34.21;8.21
18.85;22.62;33.31;8.69
18.24;21.83;32.60;8.20
17.81;21.60;31.45;7.99
17.59;21.78;31.86;8.01
16.75;22.10;30.26;8.06
16.57;22.00;28.35;7.66
16.75;22.48;28.68;7.92
17.20;23.09;31.40;8.06
17.40;23.31;33.00;8.50
16.15;22.51;29.80;8.21
16.00;23.62;31.30;8.18
15.25;21.77;29.80;7.75
15.05;22.15;32.20;7.76
17.39;23.70;34.98;8.49
16.90;22.75;34.90;8.25
15.98;22.20;33.25;8.05
15.80;22.65;34.49;7.89
16.62;23.25;36.05;8.25
15.62;23.82;35.43;8.10
13.30;22.80;32.75;7.76
13.00;23.69;35.10;7.79
11.30;23.48;34.90;8.18
10.32;22.92;32.05;7.74
10.61;22.20;31.00;7.49
9.99;20.94;30.00;7.25
9.49;20.00;28.30;7.15
9.85;19.56;26.70;6.85
10.91;18.00;25.88;6.45
10.95;18.49;24.00;6.30
12.63;20.06;26.90;7.00
13.75;21.50;27.30;28.00
12.90;19.99;24.00;24.31
13.15;21.60;22.20;26.19
12.91;20.73;22.99;26.40
14.00;21.80;25.39;26.70
12.35;21.40;25.00;25.60
9.91;18.95;23.20;21.05
9.00;19.80;22.70;20.65
7.77;19.60;20.40;20.10
6.49;19.21;18.11;18.46
8.29;21.96;20.05;20.48
9.55;22.63;21.40;21.31
10.64;23.00;22.85;23.30
10.10;22.39;23.31;23.56
10.00;22.45;23.14;23.30
10.39;22.37;25.10;23.85
9.50;20.81;24.25;23.43
9.05;21.08;22.90;21.48
9.22;21.50;23.26;22.19
8.95;20.50;23.95;22.00
9.50;20.16;23.91;23.70
9.20;20.00;20.62;22.89
10.20;20.94;21.10;22.51
9.98;21.08;20.76;24.49
10.40;22.20;20.45;24.25
9.81;22.92;19.25;23.30
9.40;22.38;18.50;23.30
8.60;21.70;16.89;22.61
9.95;23.00;19.23;24.80
10.17;22.85;19.36;26.89
11.80;23.70;20.52;27.80
11.00;23.85;19.95;28.54
11.50;24.01;20.06;29.00
10.48;23.21;18.40;26.74
10.27;23.26;18.30;28.76
10.59;24.00;19.31;28.70
9.95;24.10;18.60;29.88
10.32;24.45;18.16;31.85
11.25;24.60;20.21;36.25
10.50;23.40;20.11;36.36
10.79;24.02;21.94;35.30
10.00;22.67;22.33;34.75
9.35;23.13;22.60;36.00
9.22;22.45;22.90;35.56
10.15;23.70;23.80;33.70
9.98;22.50;24.35;31.70
9.50;23.09;23.50;31.30
9.60;24.30;23.35;29.80
9.70;22.96;22.14;29.30
9.35;22.30;22.00;29.37
9.50;22.26;22.80;28.40
9.48;22.01;22.52;28.90
10.00;21.86;22.84;28.24
