9.91;15.03;35.38;8.99;20.14;8.38
10.20;15.63;36.50;9.73;20.99;8.62
10.30;15.80;36.68;10.50;21.23;8.68
10.70;15.75;36.60;10.74;21.37;8.54
11.20;16.00;37.95;11.46;21.34;8.61
11.00;15.83;37.94;11.35;21.30;8.36
10.75;15.90;38.00;11.05;21.44;8.51
11.08;16.00;39.30;11.75;22.00;8.75
11.28;15.57;39.62;11.40;22.09;8.67
11.44;15.40;39.57;11.30;22.16;8.50
11.37;15.70;40.36;11.66;22.52;8.62
11.24;15.28;39.76;11.29;22.41;8.56
11.19;15.65;39.37;11.05;22.09;8.59
11.49;15.66;40.60;11.16;22.74;8.60
11.79;16.13;41.11;10.91;22.50;8.45
11.96;16.59;41.53;10.70;22.24;8.35
12.19;16.15;42.31;10.80;22.80;8.39
12.48;15.63;42.27;11.05;23.05;8.27
12.39;15.30;41.79;11.05;23.14;8.15
12.06;15.20;43.04;10.90;23.11;8.06
11.88;14.91;43.66;10.75;23.43;7.98
11.72;15.00;43.43;11.10;23.31;8.15
11.69;14.75;41.53;11.14;22.52;8.11
11.47;14.70;41.05;11.05;22.14;8.21
11.39;14.20;42.13;11.04;22.22;8.52
11.25;13.31;40.30;11.30;21.68;8.73
11.49;13.60;39.51;11.53;21.35;8.73
11.59;13.64;39.20;11.65;21.49;8.77
12.24;13.70;38.42;11.65;20.88;8.87
12.71;14.60;37.90;11.26;20.36;8.80
13.27;15.00;38.00;11.17;20.57;8.91
12.63;14.90;38.23;11.24;21.03;9.24
12.54;14.81;40.06;11.79;20.76;9.16
11.89;15.06;40.88;11.58;20.82;9.08
12.09;16.20;41.53;11.15;20.56;8.96
12.09;16.66;40.93;10.85;20.94;9.28
11.89;16.82;40.46;10.75;21.05;9.40
11.59;17.95;40.87;10.30;21.44;9.52
11.54;19.98;41.57;10.90;21.66;9.75
12.21;19.50;41.92;10.83;21.47;9.89
12.38;20.99;41.99;10.89;21.32;9.75
13.28;22.20;42.27;11.17;21.30;9.70
12.98;22.00;41.11;10.75;20.91;9.66
12.55;21.40;39.34;10.35;19.88;9.66
12.68;20.35;39.09;10.45;19.76;9.63
12.28;18.80;38.00;10.44;19.14;9.35
12.24;19.80;38.28;10.30;19.51;9.46
12.28;20.98;38.72;9.88;19.84;9.40
12.28;20.50;40.43;9.94;20.11;9.58
12.33;21.60;40.94;10.15;20.55;9.56
13.18;20.76;40.60;10.11;20.31;9.61
12.78;19.96;39.76;9.92;20.34;9.64
13.08;19.55;40.36;9.74;20.69;9.45
13.13;19.38;39.73;9.44;20.41;9.38
13.57;20.42;39.08;9.63;20.60;9.66
14.02;20.91;39.39;9.33;20.60;9.66
13.86;20.40;39.44;9.33;21.11;9.75
13.77;20.41;39.57;9.04;21.26;10.49
13.62;18.48;38.76;8.70;21.34;10.44
13.47;14.90;39.86;8.83;21.91;10.44
13.57;13.77;40.09;9.09;22.49;10.62
13.32;14.91;40.08;9.27;22.40;10.67
13.32;15.73;41.11;9.52;22.54;10.67
13.11;16.00;40.79;9.91;22.36;10.55
13.12;16.69;41.55;9.62;22.54;10.48
13.17;17.15;41.84;9.49;22.49;10.56
13.12;16.41;41.30;9.54;22.28;10.67
13.22;16.70;41.37;9.19;22.28;10.44
13.18;16.75;40.94;8.79;21.90;10.15
13.07;16.62;40.89;8.69;21.92;10.25
13.22;16.37;40.85;8.56;22.13;10.03
13.21;15.50;41.49;8.49;22.33;10.30
13.22;16.11;43.45;8.60;23.02;10.67
13.05;16.66;44.00;8.84;22.81;11.09
13.02;17.00;43.64;9.35;22.70;11.09
12.92;17.50;43.34;9.18;23.36;10.81
12.83;17.00;43.34;9.14;23.32;10.94
13.42;17.12;43.67;8.95;22.95;11.11
13.32;17.00;42.78;8.61;22.32;10.67
13.12;16.02;43.56;8.68;22.44;10.72
13.27;16.15;44.33;8.43;23.34;10.84
14.16;16.76;44.24;8.71;23.11;10.95
14.91;16.85;43.82;8.14;23.20;11.19
15.46;16.50;44.74;7.56;23.44;11.95
15.41;16.30;44.81;7.18;23.53;12.03
15.26;16.07;45.37;7.28;23.87;11.98
15.90;16.05;45.19;7.06;23.79;11.67
16.41;15.69;44.63;6.84;23.70;11.65
15.66;15.97;44.19;6.39;23.34;11.43
14.91;15.77;43.06;6.43;22.44;11.25
15.21;15.90;43.34;6.69;21.92;11.22
15.01;14.99;42.07;6.46;21.35;11.14
15.06;14.60;40.98;7.22;20.79;10.86
14.96;14.40;40.78;6.68;20.99;10.91
14.51;14.30;40.51;6.44;20.71;10.43
14.40;13.70;40.05;6.03;20.38;10.60
13.80;13.00;40.42;6.08;20.86;10.72
14.32;14.18;40.92;6.37;21.93;10.86
14.61;14.10;42.40;6.97;22.51;11.19
14.91;13.70;42.17;6.53;22.22;11.16